## single-component (twisted) bricks
## long_axis=65 medium_axis=8 short_axis=1 shape_parameter=0.125
## max_l=6 
## l m n Re/Im 
0 0 0 238.831302630794
0 0 0 0.000000000000
1 -1 -1 0.000000000000
1 -1 -1 0.000000000000
1 -1 0 0.000000000000
1 -1 0 0.000000000000
1 -1 1 0.000000000000
1 -1 1 0.000000000000
1 0 -1 0.000000000000
1 0 -1 0.000000000000
1 0 0 0.000000000000
1 0 0 0.000000000000
1 0 1 0.000000000000
1 0 1 0.000000000000
1 1 -1 0.000000000000
1 1 -1 0.000000000000
1 1 0 0.000000000000
1 1 0 0.000000000000
1 1 1 0.000000000000
1 1 1 0.000000000000
2 -2 -2 -7.937480804969
2 -2 -2 0.000000000000
2 -2 -1 0.000000000000
2 -2 -1 0.000000000000
2 -2 0 -60.066093285928
2 -2 0 0.000000000000
2 -2 1 0.000000000000
2 -2 1 0.000000000000
2 -2 2 -7.937480804974
2 -2 2 0.000000000000
2 -1 -2 0.000000000000
2 -1 -2 0.000000000000
2 -1 -1 0.000000000000
2 -1 -1 0.000000000000
2 -1 0 0.000000000000
2 -1 0 0.000000000000
2 -1 1 0.000000000000
2 -1 1 0.000000000000
2 -1 2 0.000000000000
2 -1 2 0.000000000000
2 0 -2 -60.066093285949
2 0 -2 0.000000000000
2 0 -1 0.000000000000
2 0 -1 0.000000000000
2 0 0 -114.387722680982
2 0 0 0.000000000000
2 0 1 0.000000000000
2 0 1 0.000000000000
2 0 2 -60.066093285949
2 0 2 0.000000000000
2 1 -2 0.000000000000
2 1 -2 0.000000000000
2 1 -1 0.000000000000
2 1 -1 0.000000000000
2 1 0 0.000000000000
2 1 0 0.000000000000
2 1 1 0.000000000000
2 1 1 0.000000000000
2 1 2 0.000000000000
2 1 2 0.000000000000
2 2 -2 -7.937480804974
2 2 -2 0.000000000000
2 2 -1 0.000000000000
2 2 -1 0.000000000000
2 2 0 -60.066093285928
2 2 0 0.000000000000
2 2 1 0.000000000000
2 2 1 0.000000000000
2 2 2 -7.937480804969
2 2 2 0.000000000000
3 -3 -3 0.000000000000
3 -3 -3 0.000000000000
3 -3 -2 0.000000000000
3 -3 -2 0.000000000000
3 -3 -1 0.000000000000
3 -3 -1 0.000000000000
3 -3 0 0.000000000000
3 -3 0 0.000000000000
3 -3 1 0.000000000000
3 -3 1 0.000000000000
3 -3 2 0.000000000000
3 -3 2 0.000000000000
3 -3 3 0.000000000000
3 -3 3 0.000000000000
3 -2 -3 0.000000000000
3 -2 -3 0.000000000000
3 -2 -2 0.000000000000
3 -2 -2 0.000000000000
3 -2 -1 0.000000000000
3 -2 -1 0.000000000000
3 -2 0 0.000000000000
3 -2 0 0.000000000000
3 -2 1 0.000000000000
3 -2 1 0.000000000000
3 -2 2 0.000000000000
3 -2 2 0.000000000000
3 -2 3 0.000000000000
3 -2 3 0.000000000000
3 -1 -3 0.000000000000
3 -1 -3 0.000000000000
3 -1 -2 0.000000000000
3 -1 -2 0.000000000000
3 -1 -1 0.000000000000
3 -1 -1 0.000000000000
3 -1 0 0.000000000000
3 -1 0 0.000000000000
3 -1 1 0.000000000000
3 -1 1 0.000000000000
3 -1 2 0.000000000000
3 -1 2 0.000000000000
3 -1 3 0.000000000000
3 -1 3 0.000000000000
3 0 -3 0.000000000000
3 0 -3 0.000000000000
3 0 -2 0.000000000000
3 0 -2 0.000000000000
3 0 -1 0.000000000000
3 0 -1 0.000000000000
3 0 0 0.000000000000
3 0 0 0.000000000000
3 0 1 0.000000000000
3 0 1 0.000000000000
3 0 2 0.000000000000
3 0 2 0.000000000000
3 0 3 0.000000000000
3 0 3 0.000000000000
3 1 -3 0.000000000000
3 1 -3 0.000000000000
3 1 -2 0.000000000000
3 1 -2 0.000000000000
3 1 -1 0.000000000000
3 1 -1 0.000000000000
3 1 0 0.000000000000
3 1 0 0.000000000000
3 1 1 0.000000000000
3 1 1 0.000000000000
3 1 2 0.000000000000
3 1 2 0.000000000000
3 1 3 0.000000000000
3 1 3 0.000000000000
3 2 -3 0.000000000000
3 2 -3 0.000000000000
3 2 -2 0.000000000000
3 2 -2 0.000000000000
3 2 -1 0.000000000000
3 2 -1 0.000000000000
3 2 0 0.000000000000
3 2 0 0.000000000000
3 2 1 0.000000000000
3 2 1 0.000000000000
3 2 2 0.000000000000
3 2 2 0.000000000000
3 2 3 0.000000000000
3 2 3 0.000000000000
3 3 -3 0.000000000000
3 3 -3 0.000000000000
3 3 -2 0.000000000000
3 3 -2 0.000000000000
3 3 -1 0.000000000000
3 3 -1 0.000000000000
3 3 0 0.000000000000
3 3 0 0.000000000000
3 3 1 0.000000000000
3 3 1 0.000000000000
3 3 2 0.000000000000
3 3 2 0.000000000000
3 3 3 0.000000000000
3 3 3 0.000000000000
4 -4 -4 -2.868394466434
4 -4 -4 0.000000000000
4 -4 -3 0.000000000000
4 -4 -3 0.000000000000
4 -4 -2 -0.000000137796
4 -4 -2 0.000000000000
4 -4 -1 0.000000000000
4 -4 -1 0.000000000000
4 -4 0 -22.047189078534
4 -4 0 0.000000000000
4 -4 1 0.000000000000
4 -4 1 0.000000000000
4 -4 2 -0.000000137793
4 -4 2 0.000000000000
4 -4 3 0.000000000000
4 -4 3 0.000000000000
4 -4 4 -2.868394466434
4 -4 4 0.000000000000
4 -3 -4 0.000000000000
4 -3 -4 0.000000000000
4 -3 -3 0.000000000000
4 -3 -3 0.000000000000
4 -3 -2 0.000000000000
4 -3 -2 0.000000000000
4 -3 -1 0.000000000000
4 -3 -1 0.000000000000
4 -3 0 0.000000000000
4 -3 0 0.000000000000
4 -3 1 0.000000000000
4 -3 1 0.000000000000
4 -3 2 0.000000000000
4 -3 2 0.000000000000
4 -3 3 0.000000000000
4 -3 3 0.000000000000
4 -3 4 0.000000000000
4 -3 4 0.000000000000
4 -2 -4 -0.000000137797
4 -2 -4 0.000000000000
4 -2 -3 0.000000000000
4 -2 -3 0.000000000000
4 -2 -2 0.992613079713
4 -2 -2 0.000000000000
4 -2 -1 0.000000000000
4 -2 -1 0.000000000000
4 -2 0 -11.633251103811
4 -2 0 0.000000000000
4 -2 1 0.000000000000
4 -2 1 0.000000000000
4 -2 2 0.992613079713
4 -2 2 0.000000000000
4 -2 3 0.000000000000
4 -2 3 0.000000000000
4 -2 4 -0.000000137797
4 -2 4 0.000000000000
4 -1 -4 0.000000000000
4 -1 -4 0.000000000000
4 -1 -3 0.000000000000
4 -1 -3 0.000000000000
4 -1 -2 0.000000000000
4 -1 -2 0.000000000000
4 -1 -1 0.000000000000
4 -1 -1 0.000000000000
4 -1 0 0.000000000000
4 -1 0 0.000000000000
4 -1 1 0.000000000000
4 -1 1 0.000000000000
4 -1 2 0.000000000000
4 -1 2 0.000000000000
4 -1 3 0.000000000000
4 -1 3 0.000000000000
4 -1 4 0.000000000000
4 -1 4 0.000000000000
4 0 -4 -22.047189078534
4 0 -4 0.000000000000
4 0 -3 0.000000000000
4 0 -3 0.000000000000
4 0 -2 -11.633251850191
4 0 -2 0.000000000000
4 0 -1 0.000000000000
4 0 -1 0.000000000000
4 0 0 -31.009851291415
4 0 0 0.000000000000
4 0 1 0.000000000000
4 0 1 0.000000000000
4 0 2 -11.633251850191
4 0 2 0.000000000000
4 0 3 0.000000000000
4 0 3 0.000000000000
4 0 4 -22.047189078534
4 0 4 0.000000000000
4 1 -4 0.000000000000
4 1 -4 0.000000000000
4 1 -3 0.000000000000
4 1 -3 0.000000000000
4 1 -2 0.000000000000
4 1 -2 0.000000000000
4 1 -1 0.000000000000
4 1 -1 0.000000000000
4 1 0 0.000000000000
4 1 0 0.000000000000
4 1 1 0.000000000000
4 1 1 0.000000000000
4 1 2 0.000000000000
4 1 2 0.000000000000
4 1 3 0.000000000000
4 1 3 0.000000000000
4 1 4 0.000000000000
4 1 4 0.000000000000
4 2 -4 -0.000000137797
4 2 -4 0.000000000000
4 2 -3 0.000000000000
4 2 -3 0.000000000000
4 2 -2 0.992613079713
4 2 -2 0.000000000000
4 2 -1 0.000000000000
4 2 -1 0.000000000000
4 2 0 -11.633251103811
4 2 0 0.000000000000
4 2 1 0.000000000000
4 2 1 0.000000000000
4 2 2 0.992613079713
4 2 2 0.000000000000
4 2 3 0.000000000000
4 2 3 0.000000000000
4 2 4 -0.000000137797
4 2 4 0.000000000000
4 3 -4 0.000000000000
4 3 -4 0.000000000000
4 3 -3 0.000000000000
4 3 -3 0.000000000000
4 3 -2 0.000000000000
4 3 -2 0.000000000000
4 3 -1 0.000000000000
4 3 -1 0.000000000000
4 3 0 0.000000000000
4 3 0 0.000000000000
4 3 1 0.000000000000
4 3 1 0.000000000000
4 3 2 0.000000000000
4 3 2 0.000000000000
4 3 3 0.000000000000
4 3 3 0.000000000000
4 3 4 0.000000000000
4 3 4 0.000000000000
4 4 -4 -2.868394466434
4 4 -4 0.000000000000
4 4 -3 0.000000000000
4 4 -3 0.000000000000
4 4 -2 -0.000000137793
4 4 -2 0.000000000000
4 4 -1 0.000000000000
4 4 -1 0.000000000000
4 4 0 -22.047189078534
4 4 0 0.000000000000
4 4 1 0.000000000000
4 4 1 0.000000000000
4 4 2 -0.000000137796
4 4 2 0.000000000000
4 4 3 0.000000000000
4 4 3 0.000000000000
4 4 4 -2.868394466434
4 4 4 0.000000000000
5 -5 -5 0.000000000000
5 -5 -5 0.000000000000
5 -5 -4 0.000000000000
5 -5 -4 0.000000000000
5 -5 -3 0.000000000000
5 -5 -3 0.000000000000
5 -5 -2 0.000000000000
5 -5 -2 0.000000000000
5 -5 -1 0.000000000000
5 -5 -1 0.000000000000
5 -5 0 0.000000000000
5 -5 0 0.000000000000
5 -5 1 0.000000000000
5 -5 1 0.000000000000
5 -5 2 0.000000000000
5 -5 2 0.000000000000
5 -5 3 0.000000000000
5 -5 3 0.000000000000
5 -5 4 0.000000000000
5 -5 4 0.000000000000
5 -5 5 0.000000000000
5 -5 5 0.000000000000
5 -4 -5 0.000000000000
5 -4 -5 0.000000000000
5 -4 -4 0.000000000000
5 -4 -4 0.000000000000
5 -4 -3 0.000000000000
5 -4 -3 0.000000000000
5 -4 -2 0.000000000000
5 -4 -2 0.000000000000
5 -4 -1 0.000000000000
5 -4 -1 0.000000000000
5 -4 0 0.000000000000
5 -4 0 0.000000000000
5 -4 1 0.000000000000
5 -4 1 0.000000000000
5 -4 2 0.000000000000
5 -4 2 0.000000000000
5 -4 3 0.000000000000
5 -4 3 0.000000000000
5 -4 4 0.000000000000
5 -4 4 0.000000000000
5 -4 5 0.000000000000
5 -4 5 0.000000000000
5 -3 -5 0.000000000000
5 -3 -5 0.000000000000
5 -3 -4 0.000000000000
5 -3 -4 0.000000000000
5 -3 -3 0.000000000000
5 -3 -3 0.000000000000
5 -3 -2 0.000000000000
5 -3 -2 0.000000000000
5 -3 -1 0.000000000000
5 -3 -1 0.000000000000
5 -3 0 0.000000000000
5 -3 0 0.000000000000
5 -3 1 0.000000000000
5 -3 1 0.000000000000
5 -3 2 0.000000000000
5 -3 2 0.000000000000
5 -3 3 0.000000000000
5 -3 3 0.000000000000
5 -3 4 0.000000000000
5 -3 4 0.000000000000
5 -3 5 0.000000000000
5 -3 5 0.000000000000
5 -2 -5 0.000000000000
5 -2 -5 0.000000000000
5 -2 -4 0.000000000000
5 -2 -4 0.000000000000
5 -2 -3 0.000000000000
5 -2 -3 0.000000000000
5 -2 -2 0.000000000000
5 -2 -2 0.000000000000
5 -2 -1 0.000000000000
5 -2 -1 0.000000000000
5 -2 0 0.000000000000
5 -2 0 0.000000000000
5 -2 1 0.000000000000
5 -2 1 0.000000000000
5 -2 2 0.000000000000
5 -2 2 0.000000000000
5 -2 3 0.000000000000
5 -2 3 0.000000000000
5 -2 4 0.000000000000
5 -2 4 0.000000000000
5 -2 5 0.000000000000
5 -2 5 0.000000000000
5 -1 -5 0.000000000000
5 -1 -5 0.000000000000
5 -1 -4 0.000000000000
5 -1 -4 0.000000000000
5 -1 -3 0.000000000000
5 -1 -3 0.000000000000
5 -1 -2 0.000000000000
5 -1 -2 0.000000000000
5 -1 -1 0.000000000000
5 -1 -1 0.000000000000
5 -1 0 0.000000000000
5 -1 0 0.000000000000
5 -1 1 0.000000000000
5 -1 1 0.000000000000
5 -1 2 0.000000000000
5 -1 2 0.000000000000
5 -1 3 0.000000000000
5 -1 3 0.000000000000
5 -1 4 0.000000000000
5 -1 4 0.000000000000
5 -1 5 0.000000000000
5 -1 5 0.000000000000
5 0 -5 0.000000000000
5 0 -5 0.000000000000
5 0 -4 0.000000000000
5 0 -4 0.000000000000
5 0 -3 0.000000000000
5 0 -3 0.000000000000
5 0 -2 0.000000000000
5 0 -2 0.000000000000
5 0 -1 0.000000000000
5 0 -1 0.000000000000
5 0 0 0.000000000000
5 0 0 0.000000000000
5 0 1 0.000000000000
5 0 1 0.000000000000
5 0 2 0.000000000000
5 0 2 0.000000000000
5 0 3 0.000000000000
5 0 3 0.000000000000
5 0 4 0.000000000000
5 0 4 0.000000000000
5 0 5 0.000000000000
5 0 5 0.000000000000
5 1 -5 0.000000000000
5 1 -5 0.000000000000
5 1 -4 0.000000000000
5 1 -4 0.000000000000
5 1 -3 0.000000000000
5 1 -3 0.000000000000
5 1 -2 0.000000000000
5 1 -2 0.000000000000
5 1 -1 0.000000000000
5 1 -1 0.000000000000
5 1 0 0.000000000000
5 1 0 0.000000000000
5 1 1 0.000000000000
5 1 1 0.000000000000
5 1 2 0.000000000000
5 1 2 0.000000000000
5 1 3 0.000000000000
5 1 3 0.000000000000
5 1 4 0.000000000000
5 1 4 0.000000000000
5 1 5 0.000000000000
5 1 5 0.000000000000
5 2 -5 0.000000000000
5 2 -5 0.000000000000
5 2 -4 0.000000000000
5 2 -4 0.000000000000
5 2 -3 0.000000000000
5 2 -3 0.000000000000
5 2 -2 0.000000000000
5 2 -2 0.000000000000
5 2 -1 0.000000000000
5 2 -1 0.000000000000
5 2 0 0.000000000000
5 2 0 0.000000000000
5 2 1 0.000000000000
5 2 1 0.000000000000
5 2 2 0.000000000000
5 2 2 0.000000000000
5 2 3 0.000000000000
5 2 3 0.000000000000
5 2 4 0.000000000000
5 2 4 0.000000000000
5 2 5 0.000000000000
5 2 5 0.000000000000
5 3 -5 0.000000000000
5 3 -5 0.000000000000
5 3 -4 0.000000000000
5 3 -4 0.000000000000
5 3 -3 0.000000000000
5 3 -3 0.000000000000
5 3 -2 0.000000000000
5 3 -2 0.000000000000
5 3 -1 0.000000000000
5 3 -1 0.000000000000
5 3 0 0.000000000000
5 3 0 0.000000000000
5 3 1 0.000000000000
5 3 1 0.000000000000
5 3 2 0.000000000000
5 3 2 0.000000000000
5 3 3 0.000000000000
5 3 3 0.000000000000
5 3 4 0.000000000000
5 3 4 0.000000000000
5 3 5 0.000000000000
5 3 5 0.000000000000
5 4 -5 0.000000000000
5 4 -5 0.000000000000
5 4 -4 0.000000000000
5 4 -4 0.000000000000
5 4 -3 0.000000000000
5 4 -3 0.000000000000
5 4 -2 0.000000000000
5 4 -2 0.000000000000
5 4 -1 0.000000000000
5 4 -1 0.000000000000
5 4 0 0.000000000000
5 4 0 0.000000000000
5 4 1 0.000000000000
5 4 1 0.000000000000
5 4 2 0.000000000000
5 4 2 0.000000000000
5 4 3 0.000000000000
5 4 3 0.000000000000
5 4 4 0.000000000000
5 4 4 0.000000000000
5 4 5 0.000000000000
5 4 5 0.000000000000
5 5 -5 0.000000000000
5 5 -5 0.000000000000
5 5 -4 0.000000000000
5 5 -4 0.000000000000
5 5 -3 0.000000000000
5 5 -3 0.000000000000
5 5 -2 0.000000000000
5 5 -2 0.000000000000
5 5 -1 0.000000000000
5 5 -1 0.000000000000
5 5 0 0.000000000000
5 5 0 0.000000000000
5 5 1 0.000000000000
5 5 1 0.000000000000
5 5 2 0.000000000000
5 5 2 0.000000000000
5 5 3 0.000000000000
5 5 3 0.000000000000
5 5 4 0.000000000000
5 5 4 0.000000000000
5 5 5 0.000000000000
5 5 5 0.000000000000
6 -6 -6 -0.775647001360
6 -6 -6 0.000000000000
6 -6 -5 0.000000000000
6 -6 -5 0.000000000000
6 -6 -4 -0.000000122981
6 -6 -4 0.000000000000
6 -6 -3 0.000000000000
6 -6 -3 0.000000000000
6 -6 -2 -0.523283681736
6 -6 -2 0.000000000000
6 -6 -1 0.000000000000
6 -6 -1 0.000000000000
6 -6 0 -7.570385265426
6 -6 0 0.000000000000
6 -6 1 0.000000000000
6 -6 1 0.000000000000
6 -6 2 -0.523283681736
6 -6 2 0.000000000000
6 -6 3 0.000000000000
6 -6 3 0.000000000000
6 -6 4 -0.000000122987
6 -6 4 0.000000000000
6 -6 5 0.000000000000
6 -6 5 0.000000000000
6 -6 6 -0.775647001360
6 -6 6 0.000000000000
6 -5 -6 0.000000000000
6 -5 -6 0.000000000000
6 -5 -5 0.000000000000
6 -5 -5 0.000000000000
6 -5 -4 0.000000000000
6 -5 -4 0.000000000000
6 -5 -3 0.000000000000
6 -5 -3 0.000000000000
6 -5 -2 0.000000000000
6 -5 -2 0.000000000000
6 -5 -1 0.000000000000
6 -5 -1 0.000000000000
6 -5 0 0.000000000000
6 -5 0 0.000000000000
6 -5 1 0.000000000000
6 -5 1 0.000000000000
6 -5 2 0.000000000000
6 -5 2 0.000000000000
6 -5 3 0.000000000000
6 -5 3 0.000000000000
6 -5 4 0.000000000000
6 -5 4 0.000000000000
6 -5 5 0.000000000000
6 -5 5 0.000000000000
6 -5 6 0.000000000000
6 -5 6 0.000000000000
6 -4 -6 -0.000000122979
6 -4 -6 0.000000000000
6 -4 -5 0.000000000000
6 -4 -5 0.000000000000
6 -4 -4 0.698379311760
6 -4 -4 0.000000000000
6 -4 -3 0.000000000000
6 -4 -3 0.000000000000
6 -4 -2 -0.000000721327
6 -4 -2 0.000000000000
6 -4 -1 0.000000000000
6 -4 -1 0.000000000000
6 -4 0 -6.592245877423
6 -4 0 0.000000000000
6 -4 1 0.000000000000
6 -4 1 0.000000000000
6 -4 2 -0.000000721331
6 -4 2 0.000000000000
6 -4 3 0.000000000000
6 -4 3 0.000000000000
6 -4 4 0.698379311760
6 -4 4 0.000000000000
6 -4 5 0.000000000000
6 -4 5 0.000000000000
6 -4 6 -0.000000122988
6 -4 6 0.000000000000
6 -3 -6 0.000000000000
6 -3 -6 0.000000000000
6 -3 -5 0.000000000000
6 -3 -5 0.000000000000
6 -3 -4 0.000000000000
6 -3 -4 0.000000000000
6 -3 -3 0.000000000000
6 -3 -3 0.000000000000
6 -3 -2 0.000000000000
6 -3 -2 0.000000000000
6 -3 -1 0.000000000000
6 -3 -1 0.000000000000
6 -3 0 0.000000000000
6 -3 0 0.000000000000
6 -3 1 0.000000000000
6 -3 1 0.000000000000
6 -3 2 0.000000000000
6 -3 2 0.000000000000
6 -3 3 0.000000000000
6 -3 3 0.000000000000
6 -3 4 0.000000000000
6 -3 4 0.000000000000
6 -3 5 0.000000000000
6 -3 5 0.000000000000
6 -3 6 0.000000000000
6 -3 6 0.000000000000
6 -2 -6 -0.523283681736
6 -2 -6 0.000000000000
6 -2 -5 0.000000000000
6 -2 -5 0.000000000000
6 -2 -4 -0.000000721327
6 -2 -4 0.000000000000
6 -2 -3 0.000000000000
6 -2 -3 0.000000000000
6 -2 -2 -0.352585609080
6 -2 -2 0.000000000000
6 -2 -1 0.000000000000
6 -2 -1 0.000000000000
6 -2 0 -5.104685679492
6 -2 0 0.000000000000
6 -2 1 0.000000000000
6 -2 1 0.000000000000
6 -2 2 -0.352585609080
6 -2 2 0.000000000000
6 -2 3 0.000000000000
6 -2 3 0.000000000000
6 -2 4 -0.000000721330
6 -2 4 0.000000000000
6 -2 5 0.000000000000
6 -2 5 0.000000000000
6 -2 6 -0.523283681736
6 -2 6 0.000000000000
6 -1 -6 0.000000000000
6 -1 -6 0.000000000000
6 -1 -5 0.000000000000
6 -1 -5 0.000000000000
6 -1 -4 0.000000000000
6 -1 -4 0.000000000000
6 -1 -3 0.000000000000
6 -1 -3 0.000000000000
6 -1 -2 0.000000000000
6 -1 -2 0.000000000000
6 -1 -1 0.000000000000
6 -1 -1 0.000000000000
6 -1 0 0.000000000000
6 -1 0 0.000000000000
6 -1 1 0.000000000000
6 -1 1 0.000000000000
6 -1 2 0.000000000000
6 -1 2 0.000000000000
6 -1 3 0.000000000000
6 -1 3 0.000000000000
6 -1 4 0.000000000000
6 -1 4 0.000000000000
6 -1 5 0.000000000000
6 -1 5 0.000000000000
6 -1 6 0.000000000000
6 -1 6 0.000000000000
6 0 -6 -7.570385265426
6 0 -6 0.000000000000
6 0 -5 0.000000000000
6 0 -5 0.000000000000
6 0 -4 -6.592245877423
6 0 -4 0.000000000000
6 0 -3 0.000000000000
6 0 -3 0.000000000000
6 0 -2 -5.104685695844
6 0 -2 0.000000000000
6 0 -1 0.000000000000
6 0 -1 0.000000000000
6 0 0 -11.732644005175
6 0 0 0.000000000000
6 0 1 0.000000000000
6 0 1 0.000000000000
6 0 2 -5.104685695844
6 0 2 0.000000000000
6 0 3 0.000000000000
6 0 3 0.000000000000
6 0 4 -6.592245877423
6 0 4 0.000000000000
6 0 5 0.000000000000
6 0 5 0.000000000000
6 0 6 -7.570385265426
6 0 6 0.000000000000
6 1 -6 0.000000000000
6 1 -6 0.000000000000
6 1 -5 0.000000000000
6 1 -5 0.000000000000
6 1 -4 0.000000000000
6 1 -4 0.000000000000
6 1 -3 0.000000000000
6 1 -3 0.000000000000
6 1 -2 0.000000000000
6 1 -2 0.000000000000
6 1 -1 0.000000000000
6 1 -1 0.000000000000
6 1 0 0.000000000000
6 1 0 0.000000000000
6 1 1 0.000000000000
6 1 1 0.000000000000
6 1 2 0.000000000000
6 1 2 0.000000000000
6 1 3 0.000000000000
6 1 3 0.000000000000
6 1 4 0.000000000000
6 1 4 0.000000000000
6 1 5 0.000000000000
6 1 5 0.000000000000
6 1 6 0.000000000000
6 1 6 0.000000000000
6 2 -6 -0.523283681736
6 2 -6 0.000000000000
6 2 -5 0.000000000000
6 2 -5 0.000000000000
6 2 -4 -0.000000721330
6 2 -4 0.000000000000
6 2 -3 0.000000000000
6 2 -3 0.000000000000
6 2 -2 -0.352585609080
6 2 -2 0.000000000000
6 2 -1 0.000000000000
6 2 -1 0.000000000000
6 2 0 -5.104685679492
6 2 0 0.000000000000
6 2 1 0.000000000000
6 2 1 0.000000000000
6 2 2 -0.352585609080
6 2 2 0.000000000000
6 2 3 0.000000000000
6 2 3 0.000000000000
6 2 4 -0.000000721327
6 2 4 0.000000000000
6 2 5 0.000000000000
6 2 5 0.000000000000
6 2 6 -0.523283681736
6 2 6 0.000000000000
6 3 -6 0.000000000000
6 3 -6 0.000000000000
6 3 -5 0.000000000000
6 3 -5 0.000000000000
6 3 -4 0.000000000000
6 3 -4 0.000000000000
6 3 -3 0.000000000000
6 3 -3 0.000000000000
6 3 -2 0.000000000000
6 3 -2 0.000000000000
6 3 -1 0.000000000000
6 3 -1 0.000000000000
6 3 0 0.000000000000
6 3 0 0.000000000000
6 3 1 0.000000000000
6 3 1 0.000000000000
6 3 2 0.000000000000
6 3 2 0.000000000000
6 3 3 0.000000000000
6 3 3 0.000000000000
6 3 4 0.000000000000
6 3 4 0.000000000000
6 3 5 0.000000000000
6 3 5 0.000000000000
6 3 6 0.000000000000
6 3 6 0.000000000000
6 4 -6 -0.000000122988
6 4 -6 0.000000000000
6 4 -5 0.000000000000
6 4 -5 0.000000000000
6 4 -4 0.698379311760
6 4 -4 0.000000000000
6 4 -3 0.000000000000
6 4 -3 0.000000000000
6 4 -2 -0.000000721331
6 4 -2 0.000000000000
6 4 -1 0.000000000000
6 4 -1 0.000000000000
6 4 0 -6.592245877423
6 4 0 0.000000000000
6 4 1 0.000000000000
6 4 1 0.000000000000
6 4 2 -0.000000721327
6 4 2 0.000000000000
6 4 3 0.000000000000
6 4 3 0.000000000000
6 4 4 0.698379311760
6 4 4 0.000000000000
6 4 5 0.000000000000
6 4 5 0.000000000000
6 4 6 -0.000000122979
6 4 6 0.000000000000
6 5 -6 0.000000000000
6 5 -6 0.000000000000
6 5 -5 0.000000000000
6 5 -5 0.000000000000
6 5 -4 0.000000000000
6 5 -4 0.000000000000
6 5 -3 0.000000000000
6 5 -3 0.000000000000
6 5 -2 0.000000000000
6 5 -2 0.000000000000
6 5 -1 0.000000000000
6 5 -1 0.000000000000
6 5 0 0.000000000000
6 5 0 0.000000000000
6 5 1 0.000000000000
6 5 1 0.000000000000
6 5 2 0.000000000000
6 5 2 0.000000000000
6 5 3 0.000000000000
6 5 3 0.000000000000
6 5 4 0.000000000000
6 5 4 0.000000000000
6 5 5 0.000000000000
6 5 5 0.000000000000
6 5 6 0.000000000000
6 5 6 0.000000000000
6 6 -6 -0.775647001360
6 6 -6 0.000000000000
6 6 -5 0.000000000000
6 6 -5 0.000000000000
6 6 -4 -0.000000122987
6 6 -4 0.000000000000
6 6 -3 0.000000000000
6 6 -3 0.000000000000
6 6 -2 -0.523283681736
6 6 -2 0.000000000000
6 6 -1 0.000000000000
6 6 -1 0.000000000000
6 6 0 -7.570385265426
6 6 0 0.000000000000
6 6 1 0.000000000000
6 6 1 0.000000000000
6 6 2 -0.523283681736
6 6 2 0.000000000000
6 6 3 0.000000000000
6 6 3 0.000000000000
6 6 4 -0.000000122981
6 6 4 0.000000000000
6 6 5 0.000000000000
6 6 5 0.000000000000
6 6 6 -0.775647001360
6 6 6 0.000000000000
