# l m n Re/Im
0 0 0 1606.40104664
0 0 0 0.00000000
1 -1 -1 0.00000021
1 -1 -1 0.00000000
1 -1 0 -0.00000003
1 -1 0 -0.00000000
1 -1 1 -0.00000000
1 -1 1 -0.00000000
1 0 -1 0.00000002
1 0 -1 0.00000000
1 0 0 0.00000000
1 0 0 0.00000000
1 0 1 -0.00000002
1 0 1 0.00000000
1 1 -1 -0.00000000
1 1 -1 0.00000000
1 1 0 0.00000003
1 1 0 -0.00000000
1 1 1 0.00000021
1 1 1 -0.00000000
2 -2 -2 -0.00000003
2 -2 -2 -0.00000000
2 -2 -1 0.00000001
2 -2 -1 -0.00000000
2 -2 0 0.00000000
2 -2 0 0.00000000
2 -2 1 -0.00000003
2 -2 1 0.00000000
2 -2 2 -0.00000002
2 -2 2 -0.00000000
2 -1 -2 0.00000002
2 -1 -2 0.00000000
2 -1 -1 -0.00000000
2 -1 -1 0.00000000
2 -1 0 -0.00000000
2 -1 0 -0.00000000
2 -1 1 0.00000000
2 -1 1 -0.00000000
2 -1 2 0.00000002
2 -1 2 -0.00000000
2 0 -2 0.00000000
2 0 -2 0.00000000
2 0 -1 0.00000000
2 0 -1 0.00000000
2 0 0 -883.57293382
2 0 0 0.00000000
2 0 1 -0.00000000
2 0 1 0.00000000
2 0 2 0.00000000
2 0 2 -0.00000000
2 1 -2 -0.00000002
2 1 -2 -0.00000000
2 1 -1 0.00000000
2 1 -1 0.00000000
2 1 0 0.00000000
2 1 0 -0.00000000
2 1 1 -0.00000000
2 1 1 -0.00000000
2 1 2 -0.00000002
2 1 2 0.00000000
2 2 -2 -0.00000002
2 2 -2 0.00000000
2 2 -1 0.00000003
2 2 -1 0.00000000
2 2 0 0.00000000
2 2 0 -0.00000000
2 2 1 -0.00000001
2 2 1 -0.00000000
2 2 2 -0.00000003
2 2 2 0.00000000
