## single-component (twisted) bricks
## long_axis=64 medium_axis=8 short_axis=1 shape_parameter=0
## max_l=6 
## l m n Re/Im 
0 0 0 232.100516091359
0 0 0 0.000000000000
1 -1 -1 0.000000000000
1 -1 -1 0.000000000000
1 -1 0 0.000000000000
1 -1 0 0.000000000000
1 -1 1 0.000000000000
1 -1 1 0.000000000000
1 0 -1 0.000000000000
1 0 -1 0.000000000000
1 0 0 0.000000000000
1 0 0 0.000000000000
1 0 1 0.000000000000
1 0 1 0.000000000000
1 1 -1 0.000000000000
1 1 -1 0.000000000000
1 1 0 0.000000000000
1 1 0 0.000000000000
1 1 1 0.000000000000
1 1 1 0.000000000000
2 -2 -2 -7.815365922117
2 -2 -2 0.000000000000
2 -2 -1 0.000000000000
2 -2 -1 0.000000000000
2 -2 0 -58.228643126047
2 -2 0 0.000000000000
2 -2 1 0.000000000000
2 -2 1 0.000000000000
2 -2 2 -7.815365922119
2 -2 2 0.000000000000
2 -1 -2 0.000000000000
2 -1 -2 0.000000000000
2 -1 -1 0.000000000000
2 -1 -1 0.000000000000
2 -1 0 0.000000000000
2 -1 0 0.000000000000
2 -1 1 0.000000000000
2 -1 1 0.000000000000
2 -1 2 0.000000000000
2 -1 2 0.000000000000
2 0 -2 -58.228643126081
2 0 -2 0.000000000000
2 0 -1 0.000000000000
2 0 -1 0.000000000000
2 0 0 -110.717624835376
2 0 0 0.000000000000
2 0 1 0.000000000000
2 0 1 0.000000000000
2 0 2 -58.228643126081
2 0 2 0.000000000000
2 1 -2 0.000000000000
2 1 -2 0.000000000000
2 1 -1 0.000000000000
2 1 -1 0.000000000000
2 1 0 0.000000000000
2 1 0 0.000000000000
2 1 1 0.000000000000
2 1 1 0.000000000000
2 1 2 0.000000000000
2 1 2 0.000000000000
2 2 -2 -7.815365922119
2 2 -2 0.000000000000
2 2 -1 0.000000000000
2 2 -1 0.000000000000
2 2 0 -58.228643126047
2 2 0 0.000000000000
2 2 1 0.000000000000
2 2 1 0.000000000000
2 2 2 -7.815365922117
2 2 2 0.000000000000
3 -3 -3 0.000000000000
3 -3 -3 0.000000000000
3 -3 -2 0.000000000000
3 -3 -2 0.000000000000
3 -3 -1 0.000000000000
3 -3 -1 0.000000000000
3 -3 0 0.000000000000
3 -3 0 0.000000000000
3 -3 1 0.000000000000
3 -3 1 0.000000000000
3 -3 2 0.000000000000
3 -3 2 0.000000000000
3 -3 3 0.000000000000
3 -3 3 0.000000000000
3 -2 -3 0.000000000000
3 -2 -3 0.000000000000
3 -2 -2 0.000000000000
3 -2 -2 0.000000000000
3 -2 -1 0.000000000000
3 -2 -1 0.000000000000
3 -2 0 0.000000000000
3 -2 0 0.000000000000
3 -2 1 0.000000000000
3 -2 1 0.000000000000
3 -2 2 0.000000000000
3 -2 2 0.000000000000
3 -2 3 0.000000000000
3 -2 3 0.000000000000
3 -1 -3 0.000000000000
3 -1 -3 0.000000000000
3 -1 -2 0.000000000000
3 -1 -2 0.000000000000
3 -1 -1 0.000000000000
3 -1 -1 0.000000000000
3 -1 0 0.000000000000
3 -1 0 0.000000000000
3 -1 1 0.000000000000
3 -1 1 0.000000000000
3 -1 2 0.000000000000
3 -1 2 0.000000000000
3 -1 3 0.000000000000
3 -1 3 0.000000000000
3 0 -3 0.000000000000
3 0 -3 0.000000000000
3 0 -2 0.000000000000
3 0 -2 0.000000000000
3 0 -1 0.000000000000
3 0 -1 0.000000000000
3 0 0 0.000000000000
3 0 0 0.000000000000
3 0 1 0.000000000000
3 0 1 0.000000000000
3 0 2 0.000000000000
3 0 2 0.000000000000
3 0 3 0.000000000000
3 0 3 0.000000000000
3 1 -3 0.000000000000
3 1 -3 0.000000000000
3 1 -2 0.000000000000
3 1 -2 0.000000000000
3 1 -1 0.000000000000
3 1 -1 0.000000000000
3 1 0 0.000000000000
3 1 0 0.000000000000
3 1 1 0.000000000000
3 1 1 0.000000000000
3 1 2 0.000000000000
3 1 2 0.000000000000
3 1 3 0.000000000000
3 1 3 0.000000000000
3 2 -3 0.000000000000
3 2 -3 0.000000000000
3 2 -2 0.000000000000
3 2 -2 0.000000000000
3 2 -1 0.000000000000
3 2 -1 0.000000000000
3 2 0 0.000000000000
3 2 0 0.000000000000
3 2 1 0.000000000000
3 2 1 0.000000000000
3 2 2 0.000000000000
3 2 2 0.000000000000
3 2 3 0.000000000000
3 2 3 0.000000000000
3 3 -3 0.000000000000
3 3 -3 0.000000000000
3 3 -2 0.000000000000
3 3 -2 0.000000000000
3 3 -1 0.000000000000
3 3 -1 0.000000000000
3 3 0 0.000000000000
3 3 0 0.000000000000
3 3 1 0.000000000000
3 3 1 0.000000000000
3 3 2 0.000000000000
3 3 2 0.000000000000
3 3 3 0.000000000000
3 3 3 0.000000000000
4 -4 -4 -2.824288381802
4 -4 -4 0.000000000000
4 -4 -3 0.000000000000
4 -4 -3 0.000000000000
4 -4 -2 -0.000000135844
4 -4 -2 0.000000000000
4 -4 -1 0.000000000000
4 -4 -1 0.000000000000
4 -4 0 -21.405835343111
4 -4 0 0.000000000000
4 -4 1 0.000000000000
4 -4 1 0.000000000000
4 -4 2 -0.000000135846
4 -4 2 0.000000000000
4 -4 3 0.000000000000
4 -4 3 0.000000000000
4 -4 4 -2.824288381802
4 -4 4 0.000000000000
4 -3 -4 0.000000000000
4 -3 -4 0.000000000000
4 -3 -3 0.000000000000
4 -3 -3 0.000000000000
4 -3 -2 0.000000000000
4 -3 -2 0.000000000000
4 -3 -1 0.000000000000
4 -3 -1 0.000000000000
4 -3 0 0.000000000000
4 -3 0 0.000000000000
4 -3 1 0.000000000000
4 -3 1 0.000000000000
4 -3 2 0.000000000000
4 -3 2 0.000000000000
4 -3 3 0.000000000000
4 -3 3 0.000000000000
4 -3 4 0.000000000000
4 -3 4 0.000000000000
4 -2 -4 -0.000000135842
4 -2 -4 0.000000000000
4 -2 -3 0.000000000000
4 -2 -3 0.000000000000
4 -2 -2 0.977651529906
4 -2 -2 0.000000000000
4 -2 -1 0.000000000000
4 -2 -1 0.000000000000
4 -2 0 -11.277962024667
4 -2 0 0.000000000000
4 -2 1 0.000000000000
4 -2 1 0.000000000000
4 -2 2 0.977651529906
4 -2 2 0.000000000000
4 -2 3 0.000000000000
4 -2 3 0.000000000000
4 -2 4 -0.000000135842
4 -2 4 0.000000000000
4 -1 -4 0.000000000000
4 -1 -4 0.000000000000
4 -1 -3 0.000000000000
4 -1 -3 0.000000000000
4 -1 -2 0.000000000000
4 -1 -2 0.000000000000
4 -1 -1 0.000000000000
4 -1 -1 0.000000000000
4 -1 0 0.000000000000
4 -1 0 0.000000000000
4 -1 1 0.000000000000
4 -1 1 0.000000000000
4 -1 2 0.000000000000
4 -1 2 0.000000000000
4 -1 3 0.000000000000
4 -1 3 0.000000000000
4 -1 4 0.000000000000
4 -1 4 0.000000000000
4 0 -4 -21.405835343111
4 0 -4 0.000000000000
4 0 -3 0.000000000000
4 0 -3 0.000000000000
4 0 -2 -11.277961753641
4 0 -2 0.000000000000
4 0 -1 0.000000000000
4 0 -1 0.000000000000
4 0 0 -30.102759427667
4 0 0 0.000000000000
4 0 1 0.000000000000
4 0 1 0.000000000000
4 0 2 -11.277961753641
4 0 2 0.000000000000
4 0 3 0.000000000000
4 0 3 0.000000000000
4 0 4 -21.405835343111
4 0 4 0.000000000000
4 1 -4 0.000000000000
4 1 -4 0.000000000000
4 1 -3 0.000000000000
4 1 -3 0.000000000000
4 1 -2 0.000000000000
4 1 -2 0.000000000000
4 1 -1 0.000000000000
4 1 -1 0.000000000000
4 1 0 0.000000000000
4 1 0 0.000000000000
4 1 1 0.000000000000
4 1 1 0.000000000000
4 1 2 0.000000000000
4 1 2 0.000000000000
4 1 3 0.000000000000
4 1 3 0.000000000000
4 1 4 0.000000000000
4 1 4 0.000000000000
4 2 -4 -0.000000135842
4 2 -4 0.000000000000
4 2 -3 0.000000000000
4 2 -3 0.000000000000
4 2 -2 0.977651529906
4 2 -2 0.000000000000
4 2 -1 0.000000000000
4 2 -1 0.000000000000
4 2 0 -11.277962024667
4 2 0 0.000000000000
4 2 1 0.000000000000
4 2 1 0.000000000000
4 2 2 0.977651529906
4 2 2 0.000000000000
4 2 3 0.000000000000
4 2 3 0.000000000000
4 2 4 -0.000000135842
4 2 4 0.000000000000
4 3 -4 0.000000000000
4 3 -4 0.000000000000
4 3 -3 0.000000000000
4 3 -3 0.000000000000
4 3 -2 0.000000000000
4 3 -2 0.000000000000
4 3 -1 0.000000000000
4 3 -1 0.000000000000
4 3 0 0.000000000000
4 3 0 0.000000000000
4 3 1 0.000000000000
4 3 1 0.000000000000
4 3 2 0.000000000000
4 3 2 0.000000000000
4 3 3 0.000000000000
4 3 3 0.000000000000
4 3 4 0.000000000000
4 3 4 0.000000000000
4 4 -4 -2.824288381802
4 4 -4 0.000000000000
4 4 -3 0.000000000000
4 4 -3 0.000000000000
4 4 -2 -0.000000135846
4 4 -2 0.000000000000
4 4 -1 0.000000000000
4 4 -1 0.000000000000
4 4 0 -21.405835343111
4 4 0 0.000000000000
4 4 1 0.000000000000
4 4 1 0.000000000000
4 4 2 -0.000000135844
4 4 2 0.000000000000
4 4 3 0.000000000000
4 4 3 0.000000000000
4 4 4 -2.824288381802
4 4 4 0.000000000000
5 -5 -5 0.000000000000
5 -5 -5 0.000000000000
5 -5 -4 0.000000000000
5 -5 -4 0.000000000000
5 -5 -3 0.000000000000
5 -5 -3 0.000000000000
5 -5 -2 0.000000000000
5 -5 -2 0.000000000000
5 -5 -1 0.000000000000
5 -5 -1 0.000000000000
5 -5 0 0.000000000000
5 -5 0 0.000000000000
5 -5 1 0.000000000000
5 -5 1 0.000000000000
5 -5 2 0.000000000000
5 -5 2 0.000000000000
5 -5 3 0.000000000000
5 -5 3 0.000000000000
5 -5 4 0.000000000000
5 -5 4 0.000000000000
5 -5 5 0.000000000000
5 -5 5 0.000000000000
5 -4 -5 0.000000000000
5 -4 -5 0.000000000000
5 -4 -4 0.000000000000
5 -4 -4 0.000000000000
5 -4 -3 0.000000000000
5 -4 -3 0.000000000000
5 -4 -2 0.000000000000
5 -4 -2 0.000000000000
5 -4 -1 0.000000000000
5 -4 -1 0.000000000000
5 -4 0 0.000000000000
5 -4 0 0.000000000000
5 -4 1 0.000000000000
5 -4 1 0.000000000000
5 -4 2 0.000000000000
5 -4 2 0.000000000000
5 -4 3 0.000000000000
5 -4 3 0.000000000000
5 -4 4 0.000000000000
5 -4 4 0.000000000000
5 -4 5 0.000000000000
5 -4 5 0.000000000000
5 -3 -5 0.000000000000
5 -3 -5 0.000000000000
5 -3 -4 0.000000000000
5 -3 -4 0.000000000000
5 -3 -3 0.000000000000
5 -3 -3 0.000000000000
5 -3 -2 0.000000000000
5 -3 -2 0.000000000000
5 -3 -1 0.000000000000
5 -3 -1 0.000000000000
5 -3 0 0.000000000000
5 -3 0 0.000000000000
5 -3 1 0.000000000000
5 -3 1 0.000000000000
5 -3 2 0.000000000000
5 -3 2 0.000000000000
5 -3 3 0.000000000000
5 -3 3 0.000000000000
5 -3 4 0.000000000000
5 -3 4 0.000000000000
5 -3 5 0.000000000000
5 -3 5 0.000000000000
5 -2 -5 0.000000000000
5 -2 -5 0.000000000000
5 -2 -4 0.000000000000
5 -2 -4 0.000000000000
5 -2 -3 0.000000000000
5 -2 -3 0.000000000000
5 -2 -2 0.000000000000
5 -2 -2 0.000000000000
5 -2 -1 0.000000000000
5 -2 -1 0.000000000000
5 -2 0 0.000000000000
5 -2 0 0.000000000000
5 -2 1 0.000000000000
5 -2 1 0.000000000000
5 -2 2 0.000000000000
5 -2 2 0.000000000000
5 -2 3 0.000000000000
5 -2 3 0.000000000000
5 -2 4 0.000000000000
5 -2 4 0.000000000000
5 -2 5 0.000000000000
5 -2 5 0.000000000000
5 -1 -5 0.000000000000
5 -1 -5 0.000000000000
5 -1 -4 0.000000000000
5 -1 -4 0.000000000000
5 -1 -3 0.000000000000
5 -1 -3 0.000000000000
5 -1 -2 0.000000000000
5 -1 -2 0.000000000000
5 -1 -1 0.000000000000
5 -1 -1 0.000000000000
5 -1 0 0.000000000000
5 -1 0 0.000000000000
5 -1 1 0.000000000000
5 -1 1 0.000000000000
5 -1 2 0.000000000000
5 -1 2 0.000000000000
5 -1 3 0.000000000000
5 -1 3 0.000000000000
5 -1 4 0.000000000000
5 -1 4 0.000000000000
5 -1 5 0.000000000000
5 -1 5 0.000000000000
5 0 -5 0.000000000000
5 0 -5 0.000000000000
5 0 -4 0.000000000000
5 0 -4 0.000000000000
5 0 -3 0.000000000000
5 0 -3 0.000000000000
5 0 -2 0.000000000000
5 0 -2 0.000000000000
5 0 -1 0.000000000000
5 0 -1 0.000000000000
5 0 0 0.000000000000
5 0 0 0.000000000000
5 0 1 0.000000000000
5 0 1 0.000000000000
5 0 2 0.000000000000
5 0 2 0.000000000000
5 0 3 0.000000000000
5 0 3 0.000000000000
5 0 4 0.000000000000
5 0 4 0.000000000000
5 0 5 0.000000000000
5 0 5 0.000000000000
5 1 -5 0.000000000000
5 1 -5 0.000000000000
5 1 -4 0.000000000000
5 1 -4 0.000000000000
5 1 -3 0.000000000000
5 1 -3 0.000000000000
5 1 -2 0.000000000000
5 1 -2 0.000000000000
5 1 -1 0.000000000000
5 1 -1 0.000000000000
5 1 0 0.000000000000
5 1 0 0.000000000000
5 1 1 0.000000000000
5 1 1 0.000000000000
5 1 2 0.000000000000
5 1 2 0.000000000000
5 1 3 0.000000000000
5 1 3 0.000000000000
5 1 4 0.000000000000
5 1 4 0.000000000000
5 1 5 0.000000000000
5 1 5 0.000000000000
5 2 -5 0.000000000000
5 2 -5 0.000000000000
5 2 -4 0.000000000000
5 2 -4 0.000000000000
5 2 -3 0.000000000000
5 2 -3 0.000000000000
5 2 -2 0.000000000000
5 2 -2 0.000000000000
5 2 -1 0.000000000000
5 2 -1 0.000000000000
5 2 0 0.000000000000
5 2 0 0.000000000000
5 2 1 0.000000000000
5 2 1 0.000000000000
5 2 2 0.000000000000
5 2 2 0.000000000000
5 2 3 0.000000000000
5 2 3 0.000000000000
5 2 4 0.000000000000
5 2 4 0.000000000000
5 2 5 0.000000000000
5 2 5 0.000000000000
5 3 -5 0.000000000000
5 3 -5 0.000000000000
5 3 -4 0.000000000000
5 3 -4 0.000000000000
5 3 -3 0.000000000000
5 3 -3 0.000000000000
5 3 -2 0.000000000000
5 3 -2 0.000000000000
5 3 -1 0.000000000000
5 3 -1 0.000000000000
5 3 0 0.000000000000
5 3 0 0.000000000000
5 3 1 0.000000000000
5 3 1 0.000000000000
5 3 2 0.000000000000
5 3 2 0.000000000000
5 3 3 0.000000000000
5 3 3 0.000000000000
5 3 4 0.000000000000
5 3 4 0.000000000000
5 3 5 0.000000000000
5 3 5 0.000000000000
5 4 -5 0.000000000000
5 4 -5 0.000000000000
5 4 -4 0.000000000000
5 4 -4 0.000000000000
5 4 -3 0.000000000000
5 4 -3 0.000000000000
5 4 -2 0.000000000000
5 4 -2 0.000000000000
5 4 -1 0.000000000000
5 4 -1 0.000000000000
5 4 0 0.000000000000
5 4 0 0.000000000000
5 4 1 0.000000000000
5 4 1 0.000000000000
5 4 2 0.000000000000
5 4 2 0.000000000000
5 4 3 0.000000000000
5 4 3 0.000000000000
5 4 4 0.000000000000
5 4 4 0.000000000000
5 4 5 0.000000000000
5 4 5 0.000000000000
5 5 -5 0.000000000000
5 5 -5 0.000000000000
5 5 -4 0.000000000000
5 5 -4 0.000000000000
5 5 -3 0.000000000000
5 5 -3 0.000000000000
5 5 -2 0.000000000000
5 5 -2 0.000000000000
5 5 -1 0.000000000000
5 5 -1 0.000000000000
5 5 0 0.000000000000
5 5 0 0.000000000000
5 5 1 0.000000000000
5 5 1 0.000000000000
5 5 2 0.000000000000
5 5 2 0.000000000000
5 5 3 0.000000000000
5 5 3 0.000000000000
5 5 4 0.000000000000
5 5 4 0.000000000000
5 5 5 0.000000000000
5 5 5 0.000000000000
6 -6 -6 -0.763739999124
6 -6 -6 0.000000000000
6 -6 -5 0.000000000000
6 -6 -5 0.000000000000
6 -6 -4 -0.000000142956
6 -6 -4 0.000000000000
6 -6 -3 0.000000000000
6 -6 -3 0.000000000000
6 -6 -2 -0.515227772726
6 -6 -2 0.000000000000
6 -6 -1 0.000000000000
6 -6 -1 0.000000000000
6 -6 0 -7.339035387691
6 -6 0 0.000000000000
6 -6 1 0.000000000000
6 -6 1 0.000000000000
6 -6 2 -0.515227772726
6 -6 2 0.000000000000
6 -6 3 0.000000000000
6 -6 3 0.000000000000
6 -6 4 -0.000000142967
6 -6 4 0.000000000000
6 -6 5 0.000000000000
6 -6 5 0.000000000000
6 -6 6 -0.763739999124
6 -6 6 0.000000000000
6 -5 -6 0.000000000000
6 -5 -6 0.000000000000
6 -5 -5 0.000000000000
6 -5 -5 0.000000000000
6 -5 -4 0.000000000000
6 -5 -4 0.000000000000
6 -5 -3 0.000000000000
6 -5 -3 0.000000000000
6 -5 -2 0.000000000000
6 -5 -2 0.000000000000
6 -5 -1 0.000000000000
6 -5 -1 0.000000000000
6 -5 0 0.000000000000
6 -5 0 0.000000000000
6 -5 1 0.000000000000
6 -5 1 0.000000000000
6 -5 2 0.000000000000
6 -5 2 0.000000000000
6 -5 3 0.000000000000
6 -5 3 0.000000000000
6 -5 4 0.000000000000
6 -5 4 0.000000000000
6 -5 5 0.000000000000
6 -5 5 0.000000000000
6 -5 6 0.000000000000
6 -5 6 0.000000000000
6 -4 -6 -0.000000142960
6 -4 -6 0.000000000000
6 -4 -5 0.000000000000
6 -4 -5 0.000000000000
6 -4 -4 0.687643302132
6 -4 -4 0.000000000000
6 -4 -3 0.000000000000
6 -4 -3 0.000000000000
6 -4 -2 -0.000000703876
6 -4 -2 0.000000000000
6 -4 -1 0.000000000000
6 -4 -1 0.000000000000
6 -4 0 -6.382042578849
6 -4 0 0.000000000000
6 -4 1 0.000000000000
6 -4 1 0.000000000000
6 -4 2 -0.000000703882
6 -4 2 0.000000000000
6 -4 3 0.000000000000
6 -4 3 0.000000000000
6 -4 4 0.687643302132
6 -4 4 0.000000000000
6 -4 5 0.000000000000
6 -4 5 0.000000000000
6 -4 6 -0.000000142968
6 -4 6 0.000000000000
6 -3 -6 0.000000000000
6 -3 -6 0.000000000000
6 -3 -5 0.000000000000
6 -3 -5 0.000000000000
6 -3 -4 0.000000000000
6 -3 -4 0.000000000000
6 -3 -3 0.000000000000
6 -3 -3 0.000000000000
6 -3 -2 0.000000000000
6 -3 -2 0.000000000000
6 -3 -1 0.000000000000
6 -3 -1 0.000000000000
6 -3 0 0.000000000000
6 -3 0 0.000000000000
6 -3 1 0.000000000000
6 -3 1 0.000000000000
6 -3 2 0.000000000000
6 -3 2 0.000000000000
6 -3 3 0.000000000000
6 -3 3 0.000000000000
6 -3 4 0.000000000000
6 -3 4 0.000000000000
6 -3 5 0.000000000000
6 -3 5 0.000000000000
6 -3 6 0.000000000000
6 -3 6 0.000000000000
6 -2 -6 -0.515227772726
6 -2 -6 0.000000000000
6 -2 -5 0.000000000000
6 -2 -5 0.000000000000
6 -2 -4 -0.000000703877
6 -2 -4 0.000000000000
6 -2 -3 0.000000000000
6 -2 -3 0.000000000000
6 -2 -2 -0.347189577089
6 -2 -2 0.000000000000
6 -2 -1 0.000000000000
6 -2 -1 0.000000000000
6 -2 0 -4.948543260258
6 -2 0 0.000000000000
6 -2 1 0.000000000000
6 -2 1 0.000000000000
6 -2 2 -0.347189577090
6 -2 2 0.000000000000
6 -2 3 0.000000000000
6 -2 3 0.000000000000
6 -2 4 -0.000000703883
6 -2 4 0.000000000000
6 -2 5 0.000000000000
6 -2 5 0.000000000000
6 -2 6 -0.515227772726
6 -2 6 0.000000000000
6 -1 -6 0.000000000000
6 -1 -6 0.000000000000
6 -1 -5 0.000000000000
6 -1 -5 0.000000000000
6 -1 -4 0.000000000000
6 -1 -4 0.000000000000
6 -1 -3 0.000000000000
6 -1 -3 0.000000000000
6 -1 -2 0.000000000000
6 -1 -2 0.000000000000
6 -1 -1 0.000000000000
6 -1 -1 0.000000000000
6 -1 0 0.000000000000
6 -1 0 0.000000000000
6 -1 1 0.000000000000
6 -1 1 0.000000000000
6 -1 2 0.000000000000
6 -1 2 0.000000000000
6 -1 3 0.000000000000
6 -1 3 0.000000000000
6 -1 4 0.000000000000
6 -1 4 0.000000000000
6 -1 5 0.000000000000
6 -1 5 0.000000000000
6 -1 6 0.000000000000
6 -1 6 0.000000000000
6 0 -6 -7.339035387691
6 0 -6 0.000000000000
6 0 -5 0.000000000000
6 0 -5 0.000000000000
6 0 -4 -6.382042578849
6 0 -4 0.000000000000
6 0 -3 0.000000000000
6 0 -3 0.000000000000
6 0 -2 -4.948543265359
6 0 -2 0.000000000000
6 0 -1 0.000000000000
6 0 -1 0.000000000000
6 0 0 -11.358178367927
6 0 0 0.000000000000
6 0 1 0.000000000000
6 0 1 0.000000000000
6 0 2 -4.948543265359
6 0 2 0.000000000000
6 0 3 0.000000000000
6 0 3 0.000000000000
6 0 4 -6.382042578849
6 0 4 0.000000000000
6 0 5 0.000000000000
6 0 5 0.000000000000
6 0 6 -7.339035387691
6 0 6 0.000000000000
6 1 -6 0.000000000000
6 1 -6 0.000000000000
6 1 -5 0.000000000000
6 1 -5 0.000000000000
6 1 -4 0.000000000000
6 1 -4 0.000000000000
6 1 -3 0.000000000000
6 1 -3 0.000000000000
6 1 -2 0.000000000000
6 1 -2 0.000000000000
6 1 -1 0.000000000000
6 1 -1 0.000000000000
6 1 0 0.000000000000
6 1 0 0.000000000000
6 1 1 0.000000000000
6 1 1 0.000000000000
6 1 2 0.000000000000
6 1 2 0.000000000000
6 1 3 0.000000000000
6 1 3 0.000000000000
6 1 4 0.000000000000
6 1 4 0.000000000000
6 1 5 0.000000000000
6 1 5 0.000000000000
6 1 6 0.000000000000
6 1 6 0.000000000000
6 2 -6 -0.515227772726
6 2 -6 0.000000000000
6 2 -5 0.000000000000
6 2 -5 0.000000000000
6 2 -4 -0.000000703883
6 2 -4 0.000000000000
6 2 -3 0.000000000000
6 2 -3 0.000000000000
6 2 -2 -0.347189577090
6 2 -2 0.000000000000
6 2 -1 0.000000000000
6 2 -1 0.000000000000
6 2 0 -4.948543260258
6 2 0 0.000000000000
6 2 1 0.000000000000
6 2 1 0.000000000000
6 2 2 -0.347189577089
6 2 2 0.000000000000
6 2 3 0.000000000000
6 2 3 0.000000000000
6 2 4 -0.000000703877
6 2 4 0.000000000000
6 2 5 0.000000000000
6 2 5 0.000000000000
6 2 6 -0.515227772726
6 2 6 0.000000000000
6 3 -6 0.000000000000
6 3 -6 0.000000000000
6 3 -5 0.000000000000
6 3 -5 0.000000000000
6 3 -4 0.000000000000
6 3 -4 0.000000000000
6 3 -3 0.000000000000
6 3 -3 0.000000000000
6 3 -2 0.000000000000
6 3 -2 0.000000000000
6 3 -1 0.000000000000
6 3 -1 0.000000000000
6 3 0 0.000000000000
6 3 0 0.000000000000
6 3 1 0.000000000000
6 3 1 0.000000000000
6 3 2 0.000000000000
6 3 2 0.000000000000
6 3 3 0.000000000000
6 3 3 0.000000000000
6 3 4 0.000000000000
6 3 4 0.000000000000
6 3 5 0.000000000000
6 3 5 0.000000000000
6 3 6 0.000000000000
6 3 6 0.000000000000
6 4 -6 -0.000000142968
6 4 -6 0.000000000000
6 4 -5 0.000000000000
6 4 -5 0.000000000000
6 4 -4 0.687643302132
6 4 -4 0.000000000000
6 4 -3 0.000000000000
6 4 -3 0.000000000000
6 4 -2 -0.000000703882
6 4 -2 0.000000000000
6 4 -1 0.000000000000
6 4 -1 0.000000000000
6 4 0 -6.382042578849
6 4 0 0.000000000000
6 4 1 0.000000000000
6 4 1 0.000000000000
6 4 2 -0.000000703876
6 4 2 0.000000000000
6 4 3 0.000000000000
6 4 3 0.000000000000
6 4 4 0.687643302132
6 4 4 0.000000000000
6 4 5 0.000000000000
6 4 5 0.000000000000
6 4 6 -0.000000142960
6 4 6 0.000000000000
6 5 -6 0.000000000000
6 5 -6 0.000000000000
6 5 -5 0.000000000000
6 5 -5 0.000000000000
6 5 -4 0.000000000000
6 5 -4 0.000000000000
6 5 -3 0.000000000000
6 5 -3 0.000000000000
6 5 -2 0.000000000000
6 5 -2 0.000000000000
6 5 -1 0.000000000000
6 5 -1 0.000000000000
6 5 0 0.000000000000
6 5 0 0.000000000000
6 5 1 0.000000000000
6 5 1 0.000000000000
6 5 2 0.000000000000
6 5 2 0.000000000000
6 5 3 0.000000000000
6 5 3 0.000000000000
6 5 4 0.000000000000
6 5 4 0.000000000000
6 5 5 0.000000000000
6 5 5 0.000000000000
6 5 6 0.000000000000
6 5 6 0.000000000000
6 6 -6 -0.763739999124
6 6 -6 0.000000000000
6 6 -5 0.000000000000
6 6 -5 0.000000000000
6 6 -4 -0.000000142967
6 6 -4 0.000000000000
6 6 -3 0.000000000000
6 6 -3 0.000000000000
6 6 -2 -0.515227772726
6 6 -2 0.000000000000
6 6 -1 0.000000000000
6 6 -1 0.000000000000
6 6 0 -7.339035387691
6 6 0 0.000000000000
6 6 1 0.000000000000
6 6 1 0.000000000000
6 6 2 -0.515227772726
6 6 2 0.000000000000
6 6 3 0.000000000000
6 6 3 0.000000000000
6 6 4 -0.000000142956
6 6 4 0.000000000000
6 6 5 0.000000000000
6 6 5 0.000000000000
6 6 6 -0.763739999124
6 6 6 0.000000000000
