# l m n Re/Im
0 0 0 6036.04669753
0 0 0 0.00000000
1 -1 -1 0.00000005
1 -1 -1 0.00000000
1 -1 0 0.00000001
1 -1 0 -0.00000000
1 -1 1 0.00000002
1 -1 1 0.00000000
1 0 -1 -0.00000000
1 0 -1 0.00000000
1 0 0 0.00000000
1 0 0 0.00000000
1 0 1 0.00000000
1 0 1 0.00000000
1 1 -1 0.00000002
1 1 -1 -0.00000000
1 1 0 -0.00000001
1 1 0 -0.00000000
1 1 1 0.00000005
1 1 1 -0.00000000
2 -2 -2 -0.00000000
2 -2 -2 -0.00000000
2 -2 -1 -0.00000004
2 -2 -1 -0.00000000
2 -2 0 0.00000000
2 -2 0 0.00000000
2 -2 1 -0.00000000
2 -2 1 0.00000000
2 -2 2 -0.00000001
2 -2 2 -0.00000000
2 -1 -2 0.00000003
2 -1 -2 0.00000000
2 -1 -1 -0.00000000
2 -1 -1 0.00000000
2 -1 0 -0.00000000
2 -1 0 -0.00000000
2 -1 1 0.00000000
2 -1 1 0.00000000
2 -1 2 0.00000001
2 -1 2 -0.00000000
2 0 -2 0.00000000
2 0 -2 0.00000000
2 0 -1 0.00000000
2 0 -1 0.00000000
2 0 0 -3534.29173529
2 0 0 0.00000000
2 0 1 -0.00000000
2 0 1 0.00000000
2 0 2 0.00000000
2 0 2 -0.00000000
2 1 -2 -0.00000001
2 1 -2 -0.00000000
2 1 -1 0.00000000
2 1 -1 -0.00000000
2 1 0 0.00000000
2 1 0 -0.00000000
2 1 1 -0.00000000
2 1 1 -0.00000000
2 1 2 -0.00000003
2 1 2 0.00000000
2 2 -2 -0.00000001
2 2 -2 0.00000000
2 2 -1 0.00000000
2 2 -1 0.00000000
2 2 0 0.00000000
2 2 0 -0.00000000
2 2 1 0.00000004
2 2 1 -0.00000000
2 2 2 -0.00000000
2 2 2 0.00000000
