# l m n Re/Im
0 0 0 10559.94012836
0 0 0 0.00000000
1 -1 -1 -0.00000001
1 -1 -1 -0.00000000
1 -1 0 0.00000000
1 -1 0 -0.00000000
1 -1 1 -0.00000000
1 -1 1 0.00000000
1 0 -1 -0.00000000
1 0 -1 0.00000000
1 0 0 0.00000000
1 0 0 0.00000000
1 0 1 0.00000000
1 0 1 0.00000000
1 1 -1 -0.00000000
1 1 -1 -0.00000000
1 1 0 -0.00000000
1 1 0 -0.00000000
1 1 1 -0.00000001
1 1 1 0.00000000
2 -2 -2 -0.00000000
2 -2 -2 -0.00000000
2 -2 -1 -0.00000003
2 -2 -1 -0.00000000
2 -2 0 0.00000000
2 -2 0 0.00000000
2 -2 1 -0.00000000
2 -2 1 0.00000000
2 -2 2 0.00000000
2 -2 2 -0.00000000
2 -1 -2 0.00000002
2 -1 -2 0.00000000
2 -1 -1 -0.00000000
2 -1 -1 0.00000000
2 -1 0 -0.00000000
2 -1 0 -0.00000000
2 -1 1 0.00000002
2 -1 1 0.00000000
2 -1 2 0.00000000
2 -1 2 -0.00000000
2 0 -2 -0.00000000
2 0 -2 0.00000000
2 0 -1 0.00000000
2 0 -1 -0.00000000
2 0 0 -6283.18530718
2 0 0 0.00000000
2 0 1 -0.00000000
2 0 1 -0.00000000
2 0 2 -0.00000000
2 0 2 -0.00000000
2 1 -2 -0.00000000
2 1 -2 -0.00000000
2 1 -1 0.00000002
2 1 -1 -0.00000000
2 1 0 0.00000000
2 1 0 -0.00000000
2 1 1 -0.00000000
2 1 1 -0.00000000
2 1 2 -0.00000002
2 1 2 0.00000000
2 2 -2 0.00000000
2 2 -2 0.00000000
2 2 -1 0.00000000
2 2 -1 0.00000000
2 2 0 0.00000000
2 2 0 -0.00000000
2 2 1 0.00000003
2 2 1 -0.00000000
2 2 2 -0.00000000
2 2 2 0.00000000
