## single-component (twisted) bricks
## long_axis=63 medium_axis=8 short_axis=1 shape_parameter=-0.125
## max_l=6 
## l m n Re/Im 
0 0 0 225.465427489502
0 0 0 0.000000000000
1 -1 -1 0.000000000000
1 -1 -1 0.000000000000
1 -1 0 0.000000000000
1 -1 0 0.000000000000
1 -1 1 0.000000000000
1 -1 1 0.000000000000
1 0 -1 0.000000000000
1 0 -1 0.000000000000
1 0 0 0.000000000000
1 0 0 0.000000000000
1 0 1 0.000000000000
1 0 1 0.000000000000
1 1 -1 0.000000000000
1 1 -1 0.000000000000
1 1 0 0.000000000000
1 1 0 0.000000000000
1 1 1 0.000000000000
1 1 1 0.000000000000
2 -2 -2 -7.693250806920
2 -2 -2 0.000000000000
2 -2 -1 0.000000000000
2 -2 -1 0.000000000000
2 -2 0 -56.419680767452
2 -2 0 0.000000000000
2 -2 1 0.000000000000
2 -2 1 0.000000000000
2 -2 2 -7.693250806919
2 -2 2 0.000000000000
2 -1 -2 0.000000000000
2 -1 -2 0.000000000000
2 -1 -1 0.000000000000
2 -1 -1 0.000000000000
2 -1 0 0.000000000000
2 -1 0 0.000000000000
2 -1 1 0.000000000000
2 -1 1 0.000000000000
2 -1 2 0.000000000000
2 -1 2 0.000000000000
2 0 -2 -56.419680767463
2 0 -2 0.000000000000
2 0 -1 0.000000000000
2 0 -1 0.000000000000
2 0 0 -107.107339080157
2 0 0 0.000000000000
2 0 1 0.000000000000
2 0 1 0.000000000000
2 0 2 -56.419680767463
2 0 2 0.000000000000
2 1 -2 0.000000000000
2 1 -2 0.000000000000
2 1 -1 0.000000000000
2 1 -1 0.000000000000
2 1 0 0.000000000000
2 1 0 0.000000000000
2 1 1 0.000000000000
2 1 1 0.000000000000
2 1 2 0.000000000000
2 1 2 0.000000000000
2 2 -2 -7.693250806919
2 2 -2 0.000000000000
2 2 -1 0.000000000000
2 2 -1 0.000000000000
2 2 0 -56.419680767452
2 2 0 0.000000000000
2 2 1 0.000000000000
2 2 1 0.000000000000
2 2 2 -7.693250806920
2 2 2 0.000000000000
3 -3 -3 0.000000000000
3 -3 -3 0.000000000000
3 -3 -2 0.000000000000
3 -3 -2 0.000000000000
3 -3 -1 0.000000000000
3 -3 -1 0.000000000000
3 -3 0 0.000000000000
3 -3 0 0.000000000000
3 -3 1 0.000000000000
3 -3 1 0.000000000000
3 -3 2 0.000000000000
3 -3 2 0.000000000000
3 -3 3 0.000000000000
3 -3 3 0.000000000000
3 -2 -3 0.000000000000
3 -2 -3 0.000000000000
3 -2 -2 0.000000000000
3 -2 -2 0.000000000000
3 -2 -1 0.000000000000
3 -2 -1 0.000000000000
3 -2 0 0.000000000000
3 -2 0 0.000000000000
3 -2 1 0.000000000000
3 -2 1 0.000000000000
3 -2 2 0.000000000000
3 -2 2 0.000000000000
3 -2 3 0.000000000000
3 -2 3 0.000000000000
3 -1 -3 0.000000000000
3 -1 -3 0.000000000000
3 -1 -2 0.000000000000
3 -1 -2 0.000000000000
3 -1 -1 0.000000000000
3 -1 -1 0.000000000000
3 -1 0 0.000000000000
3 -1 0 0.000000000000
3 -1 1 0.000000000000
3 -1 1 0.000000000000
3 -1 2 0.000000000000
3 -1 2 0.000000000000
3 -1 3 0.000000000000
3 -1 3 0.000000000000
3 0 -3 0.000000000000
3 0 -3 0.000000000000
3 0 -2 0.000000000000
3 0 -2 0.000000000000
3 0 -1 0.000000000000
3 0 -1 0.000000000000
3 0 0 0.000000000000
3 0 0 0.000000000000
3 0 1 0.000000000000
3 0 1 0.000000000000
3 0 2 0.000000000000
3 0 2 0.000000000000
3 0 3 0.000000000000
3 0 3 0.000000000000
3 1 -3 0.000000000000
3 1 -3 0.000000000000
3 1 -2 0.000000000000
3 1 -2 0.000000000000
3 1 -1 0.000000000000
3 1 -1 0.000000000000
3 1 0 0.000000000000
3 1 0 0.000000000000
3 1 1 0.000000000000
3 1 1 0.000000000000
3 1 2 0.000000000000
3 1 2 0.000000000000
3 1 3 0.000000000000
3 1 3 0.000000000000
3 2 -3 0.000000000000
3 2 -3 0.000000000000
3 2 -2 0.000000000000
3 2 -2 0.000000000000
3 2 -1 0.000000000000
3 2 -1 0.000000000000
3 2 0 0.000000000000
3 2 0 0.000000000000
3 2 1 0.000000000000
3 2 1 0.000000000000
3 2 2 0.000000000000
3 2 2 0.000000000000
3 2 3 0.000000000000
3 2 3 0.000000000000
3 3 -3 0.000000000000
3 3 -3 0.000000000000
3 3 -2 0.000000000000
3 3 -2 0.000000000000
3 3 -1 0.000000000000
3 3 -1 0.000000000000
3 3 0 0.000000000000
3 3 0 0.000000000000
3 3 1 0.000000000000
3 3 1 0.000000000000
3 3 2 0.000000000000
3 3 2 0.000000000000
3 3 3 0.000000000000
3 3 3 0.000000000000
4 -4 -4 -2.780174833689
4 -4 -4 0.000000000000
4 -4 -3 0.000000000000
4 -4 -3 0.000000000000
4 -4 -2 -0.000000109894
4 -4 -2 0.000000000000
4 -4 -1 0.000000000000
4 -4 -1 0.000000000000
4 -4 0 -20.765251646591
4 -4 0 0.000000000000
4 -4 1 0.000000000000
4 -4 1 0.000000000000
4 -4 2 -0.000000109891
4 -4 2 0.000000000000
4 -4 3 0.000000000000
4 -4 3 0.000000000000
4 -4 4 -2.780174833689
4 -4 4 0.000000000000
4 -3 -4 0.000000000000
4 -3 -4 0.000000000000
4 -3 -3 0.000000000000
4 -3 -3 0.000000000000
4 -3 -2 0.000000000000
4 -3 -2 0.000000000000
4 -3 -1 0.000000000000
4 -3 -1 0.000000000000
4 -3 0 0.000000000000
4 -3 0 0.000000000000
4 -3 1 0.000000000000
4 -3 1 0.000000000000
4 -3 2 0.000000000000
4 -3 2 0.000000000000
4 -3 3 0.000000000000
4 -3 3 0.000000000000
4 -3 4 0.000000000000
4 -3 4 0.000000000000
4 -2 -4 -0.000000109893
4 -2 -4 0.000000000000
4 -2 -3 0.000000000000
4 -2 -3 0.000000000000
4 -2 -2 0.962398271088
4 -2 -2 0.000000000000
4 -2 -1 0.000000000000
4 -2 -1 0.000000000000
4 -2 0 -10.927598558325
4 -2 0 0.000000000000
4 -2 1 0.000000000000
4 -2 1 0.000000000000
4 -2 2 0.962398271088
4 -2 2 0.000000000000
4 -2 3 0.000000000000
4 -2 3 0.000000000000
4 -2 4 -0.000000109890
4 -2 4 0.000000000000
4 -1 -4 0.000000000000
4 -1 -4 0.000000000000
4 -1 -3 0.000000000000
4 -1 -3 0.000000000000
4 -1 -2 0.000000000000
4 -1 -2 0.000000000000
4 -1 -1 0.000000000000
4 -1 -1 0.000000000000
4 -1 0 0.000000000000
4 -1 0 0.000000000000
4 -1 1 0.000000000000
4 -1 1 0.000000000000
4 -1 2 0.000000000000
4 -1 2 0.000000000000
4 -1 3 0.000000000000
4 -1 3 0.000000000000
4 -1 4 0.000000000000
4 -1 4 0.000000000000
4 0 -4 -20.765251646591
4 0 -4 0.000000000000
4 0 -3 0.000000000000
4 0 -3 0.000000000000
4 0 -2 -10.927598525847
4 0 -2 0.000000000000
4 0 -1 0.000000000000
4 0 -1 0.000000000000
4 0 0 -29.210140185237
4 0 0 0.000000000000
4 0 1 0.000000000000
4 0 1 0.000000000000
4 0 2 -10.927598525847
4 0 2 0.000000000000
4 0 3 0.000000000000
4 0 3 0.000000000000
4 0 4 -20.765251646591
4 0 4 0.000000000000
4 1 -4 0.000000000000
4 1 -4 0.000000000000
4 1 -3 0.000000000000
4 1 -3 0.000000000000
4 1 -2 0.000000000000
4 1 -2 0.000000000000
4 1 -1 0.000000000000
4 1 -1 0.000000000000
4 1 0 0.000000000000
4 1 0 0.000000000000
4 1 1 0.000000000000
4 1 1 0.000000000000
4 1 2 0.000000000000
4 1 2 0.000000000000
4 1 3 0.000000000000
4 1 3 0.000000000000
4 1 4 0.000000000000
4 1 4 0.000000000000
4 2 -4 -0.000000109890
4 2 -4 0.000000000000
4 2 -3 0.000000000000
4 2 -3 0.000000000000
4 2 -2 0.962398271088
4 2 -2 0.000000000000
4 2 -1 0.000000000000
4 2 -1 0.000000000000
4 2 0 -10.927598558325
4 2 0 0.000000000000
4 2 1 0.000000000000
4 2 1 0.000000000000
4 2 2 0.962398271088
4 2 2 0.000000000000
4 2 3 0.000000000000
4 2 3 0.000000000000
4 2 4 -0.000000109893
4 2 4 0.000000000000
4 3 -4 0.000000000000
4 3 -4 0.000000000000
4 3 -3 0.000000000000
4 3 -3 0.000000000000
4 3 -2 0.000000000000
4 3 -2 0.000000000000
4 3 -1 0.000000000000
4 3 -1 0.000000000000
4 3 0 0.000000000000
4 3 0 0.000000000000
4 3 1 0.000000000000
4 3 1 0.000000000000
4 3 2 0.000000000000
4 3 2 0.000000000000
4 3 3 0.000000000000
4 3 3 0.000000000000
4 3 4 0.000000000000
4 3 4 0.000000000000
4 4 -4 -2.780174833689
4 4 -4 0.000000000000
4 4 -3 0.000000000000
4 4 -3 0.000000000000
4 4 -2 -0.000000109891
4 4 -2 0.000000000000
4 4 -1 0.000000000000
4 4 -1 0.000000000000
4 4 0 -20.765251646591
4 4 0 0.000000000000
4 4 1 0.000000000000
4 4 1 0.000000000000
4 4 2 -0.000000109894
4 4 2 0.000000000000
4 4 3 0.000000000000
4 4 3 0.000000000000
4 4 4 -2.780174833689
4 4 4 0.000000000000
5 -5 -5 0.000000000000
5 -5 -5 0.000000000000
5 -5 -4 0.000000000000
5 -5 -4 0.000000000000
5 -5 -3 0.000000000000
5 -5 -3 0.000000000000
5 -5 -2 0.000000000000
5 -5 -2 0.000000000000
5 -5 -1 0.000000000000
5 -5 -1 0.000000000000
5 -5 0 0.000000000000
5 -5 0 0.000000000000
5 -5 1 0.000000000000
5 -5 1 0.000000000000
5 -5 2 0.000000000000
5 -5 2 0.000000000000
5 -5 3 0.000000000000
5 -5 3 0.000000000000
5 -5 4 0.000000000000
5 -5 4 0.000000000000
5 -5 5 0.000000000000
5 -5 5 0.000000000000
5 -4 -5 0.000000000000
5 -4 -5 0.000000000000
5 -4 -4 0.000000000000
5 -4 -4 0.000000000000
5 -4 -3 0.000000000000
5 -4 -3 0.000000000000
5 -4 -2 0.000000000000
5 -4 -2 0.000000000000
5 -4 -1 0.000000000000
5 -4 -1 0.000000000000
5 -4 0 0.000000000000
5 -4 0 0.000000000000
5 -4 1 0.000000000000
5 -4 1 0.000000000000
5 -4 2 0.000000000000
5 -4 2 0.000000000000
5 -4 3 0.000000000000
5 -4 3 0.000000000000
5 -4 4 0.000000000000
5 -4 4 0.000000000000
5 -4 5 0.000000000000
5 -4 5 0.000000000000
5 -3 -5 0.000000000000
5 -3 -5 0.000000000000
5 -3 -4 0.000000000000
5 -3 -4 0.000000000000
5 -3 -3 0.000000000000
5 -3 -3 0.000000000000
5 -3 -2 0.000000000000
5 -3 -2 0.000000000000
5 -3 -1 0.000000000000
5 -3 -1 0.000000000000
5 -3 0 0.000000000000
5 -3 0 0.000000000000
5 -3 1 0.000000000000
5 -3 1 0.000000000000
5 -3 2 0.000000000000
5 -3 2 0.000000000000
5 -3 3 0.000000000000
5 -3 3 0.000000000000
5 -3 4 0.000000000000
5 -3 4 0.000000000000
5 -3 5 0.000000000000
5 -3 5 0.000000000000
5 -2 -5 0.000000000000
5 -2 -5 0.000000000000
5 -2 -4 0.000000000000
5 -2 -4 0.000000000000
5 -2 -3 0.000000000000
5 -2 -3 0.000000000000
5 -2 -2 0.000000000000
5 -2 -2 0.000000000000
5 -2 -1 0.000000000000
5 -2 -1 0.000000000000
5 -2 0 0.000000000000
5 -2 0 0.000000000000
5 -2 1 0.000000000000
5 -2 1 0.000000000000
5 -2 2 0.000000000000
5 -2 2 0.000000000000
5 -2 3 0.000000000000
5 -2 3 0.000000000000
5 -2 4 0.000000000000
5 -2 4 0.000000000000
5 -2 5 0.000000000000
5 -2 5 0.000000000000
5 -1 -5 0.000000000000
5 -1 -5 0.000000000000
5 -1 -4 0.000000000000
5 -1 -4 0.000000000000
5 -1 -3 0.000000000000
5 -1 -3 0.000000000000
5 -1 -2 0.000000000000
5 -1 -2 0.000000000000
5 -1 -1 0.000000000000
5 -1 -1 0.000000000000
5 -1 0 0.000000000000
5 -1 0 0.000000000000
5 -1 1 0.000000000000
5 -1 1 0.000000000000
5 -1 2 0.000000000000
5 -1 2 0.000000000000
5 -1 3 0.000000000000
5 -1 3 0.000000000000
5 -1 4 0.000000000000
5 -1 4 0.000000000000
5 -1 5 0.000000000000
5 -1 5 0.000000000000
5 0 -5 0.000000000000
5 0 -5 0.000000000000
5 0 -4 0.000000000000
5 0 -4 0.000000000000
5 0 -3 0.000000000000
5 0 -3 0.000000000000
5 0 -2 0.000000000000
5 0 -2 0.000000000000
5 0 -1 0.000000000000
5 0 -1 0.000000000000
5 0 0 0.000000000000
5 0 0 0.000000000000
5 0 1 0.000000000000
5 0 1 0.000000000000
5 0 2 0.000000000000
5 0 2 0.000000000000
5 0 3 0.000000000000
5 0 3 0.000000000000
5 0 4 0.000000000000
5 0 4 0.000000000000
5 0 5 0.000000000000
5 0 5 0.000000000000
5 1 -5 0.000000000000
5 1 -5 0.000000000000
5 1 -4 0.000000000000
5 1 -4 0.000000000000
5 1 -3 0.000000000000
5 1 -3 0.000000000000
5 1 -2 0.000000000000
5 1 -2 0.000000000000
5 1 -1 0.000000000000
5 1 -1 0.000000000000
5 1 0 0.000000000000
5 1 0 0.000000000000
5 1 1 0.000000000000
5 1 1 0.000000000000
5 1 2 0.000000000000
5 1 2 0.000000000000
5 1 3 0.000000000000
5 1 3 0.000000000000
5 1 4 0.000000000000
5 1 4 0.000000000000
5 1 5 0.000000000000
5 1 5 0.000000000000
5 2 -5 0.000000000000
5 2 -5 0.000000000000
5 2 -4 0.000000000000
5 2 -4 0.000000000000
5 2 -3 0.000000000000
5 2 -3 0.000000000000
5 2 -2 0.000000000000
5 2 -2 0.000000000000
5 2 -1 0.000000000000
5 2 -1 0.000000000000
5 2 0 0.000000000000
5 2 0 0.000000000000
5 2 1 0.000000000000
5 2 1 0.000000000000
5 2 2 0.000000000000
5 2 2 0.000000000000
5 2 3 0.000000000000
5 2 3 0.000000000000
5 2 4 0.000000000000
5 2 4 0.000000000000
5 2 5 0.000000000000
5 2 5 0.000000000000
5 3 -5 0.000000000000
5 3 -5 0.000000000000
5 3 -4 0.000000000000
5 3 -4 0.000000000000
5 3 -3 0.000000000000
5 3 -3 0.000000000000
5 3 -2 0.000000000000
5 3 -2 0.000000000000
5 3 -1 0.000000000000
5 3 -1 0.000000000000
5 3 0 0.000000000000
5 3 0 0.000000000000
5 3 1 0.000000000000
5 3 1 0.000000000000
5 3 2 0.000000000000
5 3 2 0.000000000000
5 3 3 0.000000000000
5 3 3 0.000000000000
5 3 4 0.000000000000
5 3 4 0.000000000000
5 3 5 0.000000000000
5 3 5 0.000000000000
5 4 -5 0.000000000000
5 4 -5 0.000000000000
5 4 -4 0.000000000000
5 4 -4 0.000000000000
5 4 -3 0.000000000000
5 4 -3 0.000000000000
5 4 -2 0.000000000000
5 4 -2 0.000000000000
5 4 -1 0.000000000000
5 4 -1 0.000000000000
5 4 0 0.000000000000
5 4 0 0.000000000000
5 4 1 0.000000000000
5 4 1 0.000000000000
5 4 2 0.000000000000
5 4 2 0.000000000000
5 4 3 0.000000000000
5 4 3 0.000000000000
5 4 4 0.000000000000
5 4 4 0.000000000000
5 4 5 0.000000000000
5 4 5 0.000000000000
5 5 -5 0.000000000000
5 5 -5 0.000000000000
5 5 -4 0.000000000000
5 5 -4 0.000000000000
5 5 -3 0.000000000000
5 5 -3 0.000000000000
5 5 -2 0.000000000000
5 5 -2 0.000000000000
5 5 -1 0.000000000000
5 5 -1 0.000000000000
5 5 0 0.000000000000
5 5 0 0.000000000000
5 5 1 0.000000000000
5 5 1 0.000000000000
5 5 2 0.000000000000
5 5 2 0.000000000000
5 5 3 0.000000000000
5 5 3 0.000000000000
5 5 4 0.000000000000
5 5 4 0.000000000000
5 5 5 0.000000000000
5 5 5 0.000000000000
6 -6 -6 -0.751734245302
6 -6 -6 0.000000000000
6 -6 -5 0.000000000000
6 -6 -5 0.000000000000
6 -6 -4 -0.000000111646
6 -6 -4 0.000000000000
6 -6 -3 0.000000000000
6 -6 -3 0.000000000000
6 -6 -2 -0.507071512080
6 -6 -2 0.000000000000
6 -6 -1 0.000000000000
6 -6 -1 0.000000000000
6 -6 0 -7.111842943390
6 -6 0 0.000000000000
6 -6 1 0.000000000000
6 -6 1 0.000000000000
6 -6 2 -0.507071512080
6 -6 2 0.000000000000
6 -6 3 0.000000000000
6 -6 3 0.000000000000
6 -6 4 -0.000000111651
6 -6 4 0.000000000000
6 -6 5 0.000000000000
6 -6 5 0.000000000000
6 -6 6 -0.751734245302
6 -6 6 0.000000000000
6 -5 -6 0.000000000000
6 -5 -6 0.000000000000
6 -5 -5 0.000000000000
6 -5 -5 0.000000000000
6 -5 -4 0.000000000000
6 -5 -4 0.000000000000
6 -5 -3 0.000000000000
6 -5 -3 0.000000000000
6 -5 -2 0.000000000000
6 -5 -2 0.000000000000
6 -5 -1 0.000000000000
6 -5 -1 0.000000000000
6 -5 0 0.000000000000
6 -5 0 0.000000000000
6 -5 1 0.000000000000
6 -5 1 0.000000000000
6 -5 2 0.000000000000
6 -5 2 0.000000000000
6 -5 3 0.000000000000
6 -5 3 0.000000000000
6 -5 4 0.000000000000
6 -5 4 0.000000000000
6 -5 5 0.000000000000
6 -5 5 0.000000000000
6 -5 6 0.000000000000
6 -5 6 0.000000000000
6 -4 -6 -0.000000111645
6 -4 -6 0.000000000000
6 -4 -5 0.000000000000
6 -4 -5 0.000000000000
6 -4 -4 0.676971367458
6 -4 -4 0.000000000000
6 -4 -3 0.000000000000
6 -4 -3 0.000000000000
6 -4 -2 -0.000000709688
6 -4 -2 0.000000000000
6 -4 -1 0.000000000000
6 -4 -1 0.000000000000
6 -4 0 -6.175219037245
6 -4 0 0.000000000000
6 -4 1 0.000000000000
6 -4 1 0.000000000000
6 -4 2 -0.000000709814
6 -4 2 0.000000000000
6 -4 3 0.000000000000
6 -4 3 0.000000000000
6 -4 4 0.676971367458
6 -4 4 0.000000000000
6 -4 5 0.000000000000
6 -4 5 0.000000000000
6 -4 6 -0.000000111648
6 -4 6 0.000000000000
6 -3 -6 0.000000000000
6 -3 -6 0.000000000000
6 -3 -5 0.000000000000
6 -3 -5 0.000000000000
6 -3 -4 0.000000000000
6 -3 -4 0.000000000000
6 -3 -3 0.000000000000
6 -3 -3 0.000000000000
6 -3 -2 0.000000000000
6 -3 -2 0.000000000000
6 -3 -1 0.000000000000
6 -3 -1 0.000000000000
6 -3 0 0.000000000000
6 -3 0 0.000000000000
6 -3 1 0.000000000000
6 -3 1 0.000000000000
6 -3 2 0.000000000000
6 -3 2 0.000000000000
6 -3 3 0.000000000000
6 -3 3 0.000000000000
6 -3 4 0.000000000000
6 -3 4 0.000000000000
6 -3 5 0.000000000000
6 -3 5 0.000000000000
6 -3 6 0.000000000000
6 -3 6 0.000000000000
6 -2 -6 -0.507071512080
6 -2 -6 0.000000000000
6 -2 -5 0.000000000000
6 -2 -5 0.000000000000
6 -2 -4 -0.000000709808
6 -2 -4 0.000000000000
6 -2 -3 0.000000000000
6 -2 -3 0.000000000000
6 -2 -2 -0.341762084285
6 -2 -2 0.000000000000
6 -2 -1 0.000000000000
6 -2 -1 0.000000000000
6 -2 0 -4.794797009608
6 -2 0 0.000000000000
6 -2 1 0.000000000000
6 -2 1 0.000000000000
6 -2 2 -0.341762084286
6 -2 2 0.000000000000
6 -2 3 0.000000000000
6 -2 3 0.000000000000
6 -2 4 -0.000000709815
6 -2 4 0.000000000000
6 -2 5 0.000000000000
6 -2 5 0.000000000000
6 -2 6 -0.507071512080
6 -2 6 0.000000000000
6 -1 -6 0.000000000000
6 -1 -6 0.000000000000
6 -1 -5 0.000000000000
6 -1 -5 0.000000000000
6 -1 -4 0.000000000000
6 -1 -4 0.000000000000
6 -1 -3 0.000000000000
6 -1 -3 0.000000000000
6 -1 -2 0.000000000000
6 -1 -2 0.000000000000
6 -1 -1 0.000000000000
6 -1 -1 0.000000000000
6 -1 0 0.000000000000
6 -1 0 0.000000000000
6 -1 1 0.000000000000
6 -1 1 0.000000000000
6 -1 2 0.000000000000
6 -1 2 0.000000000000
6 -1 3 0.000000000000
6 -1 3 0.000000000000
6 -1 4 0.000000000000
6 -1 4 0.000000000000
6 -1 5 0.000000000000
6 -1 5 0.000000000000
6 -1 6 0.000000000000
6 -1 6 0.000000000000
6 0 -6 -7.111842943390
6 0 -6 0.000000000000
6 0 -5 0.000000000000
6 0 -5 0.000000000000
6 0 -4 -6.175219037245
6 0 -4 0.000000000000
6 0 -3 0.000000000000
6 0 -3 0.000000000000
6 0 -2 -4.794797037907
6 0 -2 0.000000000000
6 0 -1 0.000000000000
6 0 -1 0.000000000000
6 0 0 -10.990347662980
6 0 0 0.000000000000
6 0 1 0.000000000000
6 0 1 0.000000000000
6 0 2 -4.794797037907
6 0 2 0.000000000000
6 0 3 0.000000000000
6 0 3 0.000000000000
6 0 4 -6.175219037245
6 0 4 0.000000000000
6 0 5 0.000000000000
6 0 5 0.000000000000
6 0 6 -7.111842943390
6 0 6 0.000000000000
6 1 -6 0.000000000000
6 1 -6 0.000000000000
6 1 -5 0.000000000000
6 1 -5 0.000000000000
6 1 -4 0.000000000000
6 1 -4 0.000000000000
6 1 -3 0.000000000000
6 1 -3 0.000000000000
6 1 -2 0.000000000000
6 1 -2 0.000000000000
6 1 -1 0.000000000000
6 1 -1 0.000000000000
6 1 0 0.000000000000
6 1 0 0.000000000000
6 1 1 0.000000000000
6 1 1 0.000000000000
6 1 2 0.000000000000
6 1 2 0.000000000000
6 1 3 0.000000000000
6 1 3 0.000000000000
6 1 4 0.000000000000
6 1 4 0.000000000000
6 1 5 0.000000000000
6 1 5 0.000000000000
6 1 6 0.000000000000
6 1 6 0.000000000000
6 2 -6 -0.507071512080
6 2 -6 0.000000000000
6 2 -5 0.000000000000
6 2 -5 0.000000000000
6 2 -4 -0.000000709815
6 2 -4 0.000000000000
6 2 -3 0.000000000000
6 2 -3 0.000000000000
6 2 -2 -0.341762084286
6 2 -2 0.000000000000
6 2 -1 0.000000000000
6 2 -1 0.000000000000
6 2 0 -4.794797009608
6 2 0 0.000000000000
6 2 1 0.000000000000
6 2 1 0.000000000000
6 2 2 -0.341762084285
6 2 2 0.000000000000
6 2 3 0.000000000000
6 2 3 0.000000000000
6 2 4 -0.000000709808
6 2 4 0.000000000000
6 2 5 0.000000000000
6 2 5 0.000000000000
6 2 6 -0.507071512080
6 2 6 0.000000000000
6 3 -6 0.000000000000
6 3 -6 0.000000000000
6 3 -5 0.000000000000
6 3 -5 0.000000000000
6 3 -4 0.000000000000
6 3 -4 0.000000000000
6 3 -3 0.000000000000
6 3 -3 0.000000000000
6 3 -2 0.000000000000
6 3 -2 0.000000000000
6 3 -1 0.000000000000
6 3 -1 0.000000000000
6 3 0 0.000000000000
6 3 0 0.000000000000
6 3 1 0.000000000000
6 3 1 0.000000000000
6 3 2 0.000000000000
6 3 2 0.000000000000
6 3 3 0.000000000000
6 3 3 0.000000000000
6 3 4 0.000000000000
6 3 4 0.000000000000
6 3 5 0.000000000000
6 3 5 0.000000000000
6 3 6 0.000000000000
6 3 6 0.000000000000
6 4 -6 -0.000000111648
6 4 -6 0.000000000000
6 4 -5 0.000000000000
6 4 -5 0.000000000000
6 4 -4 0.676971367458
6 4 -4 0.000000000000
6 4 -3 0.000000000000
6 4 -3 0.000000000000
6 4 -2 -0.000000709814
6 4 -2 0.000000000000
6 4 -1 0.000000000000
6 4 -1 0.000000000000
6 4 0 -6.175219037245
6 4 0 0.000000000000
6 4 1 0.000000000000
6 4 1 0.000000000000
6 4 2 -0.000000709688
6 4 2 0.000000000000
6 4 3 0.000000000000
6 4 3 0.000000000000
6 4 4 0.676971367458
6 4 4 0.000000000000
6 4 5 0.000000000000
6 4 5 0.000000000000
6 4 6 -0.000000111645
6 4 6 0.000000000000
6 5 -6 0.000000000000
6 5 -6 0.000000000000
6 5 -5 0.000000000000
6 5 -5 0.000000000000
6 5 -4 0.000000000000
6 5 -4 0.000000000000
6 5 -3 0.000000000000
6 5 -3 0.000000000000
6 5 -2 0.000000000000
6 5 -2 0.000000000000
6 5 -1 0.000000000000
6 5 -1 0.000000000000
6 5 0 0.000000000000
6 5 0 0.000000000000
6 5 1 0.000000000000
6 5 1 0.000000000000
6 5 2 0.000000000000
6 5 2 0.000000000000
6 5 3 0.000000000000
6 5 3 0.000000000000
6 5 4 0.000000000000
6 5 4 0.000000000000
6 5 5 0.000000000000
6 5 5 0.000000000000
6 5 6 0.000000000000
6 5 6 0.000000000000
6 6 -6 -0.751734245302
6 6 -6 0.000000000000
6 6 -5 0.000000000000
6 6 -5 0.000000000000
6 6 -4 -0.000000111651
6 6 -4 0.000000000000
6 6 -3 0.000000000000
6 6 -3 0.000000000000
6 6 -2 -0.507071512080
6 6 -2 0.000000000000
6 6 -1 0.000000000000
6 6 -1 0.000000000000
6 6 0 -7.111842943390
6 6 0 0.000000000000
6 6 1 0.000000000000
6 6 1 0.000000000000
6 6 2 -0.507071512080
6 6 2 0.000000000000
6 6 3 0.000000000000
6 6 3 0.000000000000
6 6 4 -0.000000111646
6 6 4 0.000000000000
6 6 5 0.000000000000
6 6 5 0.000000000000
6 6 6 -0.751734245302
6 6 6 0.000000000000
