# l m n Re/Im
0 0 0 224.10027630
0 0 0 0.00000000
1 -1 -1 -0.00000000
1 -1 -1 -0.00000000
1 -1 0 -0.00000006
1 -1 0 -0.00000000
1 -1 1 -0.00000001
1 -1 1 -0.00000000
1 0 -1 -0.00000002
1 0 -1 0.00000000
1 0 0 0.00000000
1 0 0 0.00000000
1 0 1 0.00000002
1 0 1 0.00000000
1 1 -1 -0.00000001
1 1 -1 0.00000000
1 1 0 0.00000006
1 1 0 -0.00000000
1 1 1 -0.00000000
1 1 1 0.00000000
2 -2 -2 0.00000001
2 -2 -2 -0.00000000
2 -2 -1 0.00000001
2 -2 -1 -0.00000000
2 -2 0 0.00000004
2 -2 0 0.00000000
2 -2 1 -0.00000000
2 -2 1 0.00000000
2 -2 2 0.00000002
2 -2 2 0.00000000
2 -1 -2 -0.00000001
2 -1 -2 -0.00000000
2 -1 -1 0.00000000
2 -1 -1 0.00000000
2 -1 0 -0.00000000
2 -1 0 -0.00000000
2 -1 1 -0.00000001
2 -1 1 0.00000000
2 -1 2 0.00000000
2 -1 2 -0.00000000
2 0 -2 0.00000004
2 0 -2 0.00000000
2 0 -1 0.00000000
2 0 -1 -0.00000000
2 0 0 -98.17477042
2 0 0 0.00000000
2 0 1 -0.00000000
2 0 1 -0.00000000
2 0 2 0.00000004
2 0 2 -0.00000000
2 1 -2 -0.00000000
2 1 -2 -0.00000000
2 1 -1 -0.00000001
2 1 -1 -0.00000000
2 1 0 0.00000000
2 1 0 -0.00000000
2 1 1 0.00000000
2 1 1 -0.00000000
2 1 2 0.00000001
2 1 2 -0.00000000
2 2 -2 0.00000002
2 2 -2 -0.00000000
2 2 -1 0.00000000
2 2 -1 0.00000000
2 2 0 0.00000004
2 2 0 -0.00000000
2 2 1 -0.00000001
2 2 1 -0.00000000
2 2 2 0.00000001
2 2 2 0.00000000
