# l m n Re/Im
0 0 0 758.17102845
0 0 0 0.00000000
1 -1 -1 0.00000013
1 -1 -1 -0.00000000
1 -1 0 -0.00000002
1 -1 0 -0.00000000
1 -1 1 -0.00000001
1 -1 1 -0.00000000
1 0 -1 0.00000003
1 0 -1 0.00000000
1 0 0 0.00000000
1 0 0 0.00000000
1 0 1 -0.00000003
1 0 1 0.00000000
1 1 -1 -0.00000001
1 1 -1 0.00000000
1 1 0 0.00000002
1 1 0 -0.00000000
1 1 1 0.00000013
1 1 1 0.00000000
2 -2 -2 0.00000001
2 -2 -2 -0.00000000
2 -2 -1 -0.00000001
2 -2 -1 0.00000000
2 -2 0 0.00000001
2 -2 0 0.00000000
2 -2 1 -0.00000003
2 -2 1 0.00000000
2 -2 2 0.00000000
2 -2 2 0.00000000
2 -1 -2 0.00000001
2 -1 -2 0.00000000
2 -1 -1 -0.00000000
2 -1 -1 0.00000000
2 -1 0 -0.00000000
2 -1 0 -0.00000000
2 -1 1 0.00000001
2 -1 1 0.00000000
2 -1 2 -0.00000001
2 -1 2 -0.00000000
2 0 -2 0.00000001
2 0 -2 0.00000000
2 0 -1 0.00000000
2 0 -1 0.00000000
2 0 0 -392.69908170
2 0 0 0.00000000
2 0 1 -0.00000000
2 0 1 0.00000000
2 0 2 0.00000001
2 0 2 -0.00000000
2 1 -2 0.00000001
2 1 -2 -0.00000000
2 1 -1 0.00000001
2 1 -1 -0.00000000
2 1 0 0.00000000
2 1 0 -0.00000000
2 1 1 -0.00000000
2 1 1 -0.00000000
2 1 2 -0.00000001
2 1 2 0.00000000
2 2 -2 0.00000000
2 2 -2 -0.00000000
2 2 -1 0.00000003
2 2 -1 0.00000000
2 2 0 0.00000001
2 2 0 -0.00000000
2 2 1 0.00000001
2 2 1 0.00000000
2 2 2 0.00000001
2 2 2 0.00000000
